3 0 1
4 0 2
5 1 5
6 2 7
7 2 7
8 3 8
9 5 8
10 4 15
11 5 24
12 6 16
13 5 22
14 8 34
15 7 21
16 8 34
17 12 40
18 12 25
19 12 38
20 15 39
21 15 46
22 15 41
23 16 44
24 17 45
25 17 54
26 21 87
27 20 60
28 20 56
29 22 67
30 22 62
31 22 74
32 23 80
33 31 85
34 31 86
35 32 96
36 34 90
37 36 129
38 37 90
39 40 106
40 39 109
41 49 168
42 55 138
43 47 125
44 41 151
45 42 135
46 42 153
47 45 123
48 44 159
49 44 165
50 46 196
51 48 165
52 48 178
53 48 179
54 48 229
55 51 189
56 53 207
57 51 239
58 53 175
59 53 213
60 55 233
61 56 195
62 56 229
63 56 244
64 57 257
65 70 272
66 72 277
67 75 263
68 79 250
69 79 231
70 79 283
71 84 265
72 92 313
73 93 304
74 84 284
75 83 257
76 84 280
77 83 271
78 86 338
79 86 326
80 86 291
81 87 445
82 87 365
83 89 375
84 120 386
85 105 429
86 112 415
87 97 352
88 96 361
89 100 440
90 97 518
91 97 398
92 98 433
93 100 436
94 102 437
95 101 452
96 104 404
97 102 428
98 107 569
99 104 423
100 105 561
101 109 455
102 108 460
103 108 516
104 110 573
105 116 554
106 113 498
107 113 529
108 114 502
109 115 621
110 119 537
111 120 458
112 122 559
113 121 585
114 126 604
115 123 698
116 124 596
117 129 512
118 137 595
119 129 604
120 126 601
121 128 655
122 129 719
123 130 615
124 130 595
125 131 580
126 133 734
127 139 629
128 142 669
129 170 826
130 163 723
131 164 711
132 166 702
133 170 792
134 173 743
135 170 707
136 170 746
137 171 720
138 172 789
139 173 784
140 179 772
141 178 723
142 179 919
143 187 689
144 184 763
145 181 879
146 186 1100
147 183 864
148 184 744
149 186 866
150 192 877
151 192 739
152 191 828
153 191 902
154 192 889
155 192 1037
156 197 861
157 196 814
158 196 889
159 200 819
160 199 896
161 199 1083
162 202 1004
163 203 1161
164 203 1080
165 204 1015
166 204 1170
167 206 1140
168 211 1059
169 209 1105
170 210 991
171 213 1041
172 213 1010
173 216 1005
174 215 1025
175 217 966
176 221 938
177 219 1292
178 219 1180
179 224 1341
180 222 1175
181 225 1157
182 225 1081
183 229 1005
184 228 1100
185 230 1199
186 230 1196
187 231 1155
188 237 1158
189 235 1136
190 237 1138
191 237 1133
192 238 1129
193 238 1636
194 240 1515
195 240 1226
196 242 1326
197 244 1382
198 245 1410
199 247 1473
200 248 1236
201 250 1233
202 250 1520
203 250 1271
204 252 1246
205 253 1304
206 256 1353
207 261 1197
208 264 1520
209 262 1590
210 276 1532
211 289 1349
212 268 1470
213 277 1250
214 281 1439
215 279 1418
216 270 1320
217 267 1317
218 268 1554
219 271 1498
220 273 1385
221 274 1311
222 284 1422
223 284 1362
224 291 1391
225 293 2107
226 296 1908
227 454 1644
228 363 1680
229 314 1762
230 294 1815
231 295 1451
232 291 1740
233 293 1856
234 293 1457
235 289 1723
236 296 1534
237 290 1542
238 301 1671
239 301 1458
240 296 1636
241 321 2003
242 333 2125
243 349 1680
244 355 1596
245 378 1901
246 371 1604
247 352 1916
248 326 1615
249 311 1813
250 307 1992
251 311 1908
252 310 1671
253 312 1720
254 313 1711
255 315 1649
256 315 1645
257 380 2270
258 395 2377
259 400 2158
260 392 2132
261 395 1989
262 490 2110
263 552 1964
264 511 2128
265 512 1911
266 515 1859
267 387 1969
268 402 1887
269 397 1881
270 490 2128
271 456 1919
272 548 1876
273 462 2183
274 404 1918
275 422 2086
276 412 2247
277 438 1902
278 434 2282
279 454 1964
280 483 1978
281 467 2289
282 462 2530
283 513 2061
284 415 1992
285 416 2043
286 426 2050
287 440 2062
288 425 2067
289 423 2703
290 433 2922
291 434 2478
292 428 2589
293 431 2104
294 438 2154
295 446 2263
296 433 2195
297 428 2420
298 452 2309
299 445 2371
300 461 2148
301 453 2324
302 460 2304
303 454 2014
304 448 2314
305 455 2701
306 453 2764
307 457 2313
308 463 2471
309 544 2488
310 580 2496
311 473 2095
312 475 2204
313 481 2449
314 488 2420
315 501 2254
316 497 2346
317 473 2338
318 522 2528
319 483 2269
320 483 2368
321 479 3139
322 543 2946
323 534 2656
324 534 3309
325 489 3040
326 504 3194
327 510 2492
328 530 3276
329 502 2952
330 504 2737
331 495 2788
332 506 2883
333 494 2969
334 495 2793
335 515 2584
336 506 2581
337 516 2907
338 526 2991
339 515 3046
340 522 2849
341 532 2539
342 518 2608
343 535 2601
344 535 2701
345 519 2787
346 535 2673
347 560 2667
348 515 2800
349 547 2821
350 540 2738
351 560 2644
352 560 2769
353 549 3581
354 548 3722
355 535 2845
356 522 3319
357 522 3060
358 523 3281
359 523 2837
360 530 3067
361 535 3156
362 598 3118
363 683 3040
364 610 3152
365 576 3027
366 550 2888
367 535 2884
368 531 3263
369 542 3504
370 534 3610
371 555 2993
372 606 3132
373 686 3224
374 608 3078
375 671 3019
376 624 3073
377 605 3162
378 553 3242
379 556 3181
380 561 3105
381 547 2993
382 560 2959
383 559 2923
384 565 3107
385 553 4666
386 565 4975
387 559 4406
388 555 5175
389 559 3608
390 570 4157
391 567 3884
392 579 4331
393 675 3781
394 594 4134
395 603 3941
396 578 3644
397 579 3492
398 583 3675
399 574 3441
400 585 3446
401 611 3768
402 617 3941
403 594 3411
404 597 3425
405 590 3439
406 593 3338
407 593 3378
408 604 3634
409 591 3481
410 596 3744
411 599 3264
412 601 3449
413 601 3384
414 597 3392
415 594 3473
416 616 3321
417 631 4002
418 626 4283
419 597 3947
420 602 4095
421 606 3617
422 602 3822
423 611 3595
424 639 3674
425 656 3849
426 620 3495
427 627 3557
428 639 3346
429 619 3474
430 633 3434
431 618 3437
432 624 3454
433 620 4128
434 620 4123
435 657 3578
436 647 3635
437 646 3781
438 652 3792
439 645 3739
440 652 3669
441 647 3845
442 661 3818
443 630 3890
444 677 3768
445 658 3792
446 658 3804
447 642 3548
448 653 3405
449 652 5634
450 664 4936
451 647 5100
452 650 4979
453 649 4706
454 650 4860
455 656 4568
456 683 4054
457 681 4391
458 681 4145
459 947 4368
460 722 4253
461 853 4305
462 860 4702
463 708 3971
464 679 4087
465 666 4719
466 674 4371
467 727 4075
468 690 4362
469 665 4379
470 688 3909
471 678 3911
472 678 4103
473 731 4551
474 747 4379
475 732 4235
476 720 3873
477 742 4075
478 742 3876
479 762 4217
480 792 3999
481 749 6069
482 740 5908
483 754 5011
484 725 5057
485 815 4667
486 765 4727
487 751 4631
488 714 4419
489 703 4683
490 838 4410
491 797 4448
492 858 4275
493 774 4206
494 758 4409
495 755 4166
496 759 4492
497 768 5230
498 764 4702
499 767 4871
500 769 4581
501 797 4756
502 834 4264
503 719 4365
504 724 4218
505 738 4648
506 741 4870
507 785 4318
508 954 4572
509 762 4468
510 724 4488
511 734 4350
512 737 4157
513 899 7948
514 883 8487
515 842 6099
516 842 5634
517 843 5480
518 845 5627
519 845 6535
520 848 6116
521 854 5963
522 849 5250
523 849 5194
524 852 5596
525 855 5509
526 857 5673
527 859 5538
528 862 5070
529 874 5992
530 966 5847
531 923 5408
532 890 5623
533 869 5336
534 871 5220
535 874 5256
536 872 5010
537 877 5643
538 868 5157
539 926 5299
540 880 5357
541 882 5199
542 889 5006
543 890 4896
544 893 5275
545 890 5948
546 891 6239
547 883 5789
548 898 5809
549 894 5272
550 908 5447
551 920 5318
552 900 5474
553 902 5806
554 903 5665
555 903 5483
556 915 5482
557 909 5401
558 910 5321
559 913 5114
560 909 5181
561 914 6022
562 980 5982
563 977 5617
564 977 6218
565 921 5471
566 944 5786
567 929 6048
568 949 5316
569 938 6226
570 933 5351
571 949 5586
572 953 5941
573 928 5435
574 957 5504
575 945 5260
576 951 5168
577 961 8350
578 1004 7560
579 1013 6555
580 965 7015
581 956 6400
582 977 6152
583 956 6570
584 954 5905
585 953 6012
586 956 6662
587 956 6289
588 960 6081
589 960 5759
590 962 5960
591 941 5737
592 964 6142
593 967 7013
594 969 6458
595 981 5959
596 954 5925
597 976 6143
598 990 5901
599 977 6008
600 994 5925
601 1025 6098
602 1036 6092
603 986 6233
604 974 5467
605 982 5809
606 994 5860
607 1038 5559
608 1032 5816
609 997 7474
610 992 7179
611 1004 7208
612 1003 7928
613 1003 6619
614 1007 5977
615 1006 6174
616 1000 6710
617 1065 6725
618 1081 6317
619 1014 5908
620 1019 6407
621 1020 6082
622 1052 6918
623 1019 6012
624 1034 6113
625 1028 7010
626 1034 6671
627 1058 6316
628 1025 6954
629 1034 6377
630 1028 6036
631 1033 6106
632 1040 6111
633 1072 6481
634 1096 6257
635 1052 6284
636 1033 6200
637 1035 6268
638 1039 6203
639 1035 6043
640 1047 6087
641 1063 11293
642 1072 10988
643 1052 8745
644 1046 8809
645 1070 8491
646 1067 8852
647 1112 8766
648 1079 7837
649 1221 8162
650 1167 7925
651 1152 7146
652 1106 7817
653 1124 7600
654 1161 7386
655 1111 7211
656 1133 7059
657 1225 7662
658 1166 7430
659 1180 6881
660 1168 7558
661 1124 7548
662 1152 7518
663 1121 6453
664 1183 6576
665 1150 7609
666 1153 7077
667 1178 7330
668 1166 7019
669 1132 6992
670 1112 7207
671 1120 6361
672 1106 6941
673 1126 9019
674 1126 8116
675 1143 7918
676 1293 8525
677 1138 7925
678 1193 7407
679 1107 7246
680 1109 7338
681 1112 7303
682 1120 7346
683 1133 7031
684 1251 7352
685 1253 7446
686 1138 6942
687 1132 6896
688 1139 6796
689 1150 8097
690 1135 8025
691 1176 7178
692 1147 7917
693 1134 7513
694 1131 7160
695 1126 7352
696 1138 7384
697 1141 7885
698 1174 7605
699 1201 7084
700 1181 6911
701 1202 6896
702 1193 7127
703 1161 7119
704 1187 7082
705 1157 9470
706 1169 9762
707 1154 8741
708 1167 9830
709 1159 8642
710 1211 8850
711 1171 8433
712 1168 8671
713 1186 8014
714 1176 8942
715 1170 7426
716 1194 7902
717 1182 7716
718 1174 7727
719 1177 7852
720 1209 7932
721 1276 8199
722 1333 8984
723 1264 8994
724 1233 8059
725 1237 7718
726 1243 7600
727 1220 8223
728 1251 7538
729 1250 7877
730 1241 7958
731 1292 7685
732 1278 7802
733 1261 7876
734 1256 8306
735 1301 7345
736 1282 7789
737 1237 9325
738 1286 10212
739 1265 8718
740 1250 10143
741 1243 8212
742 1281 8612
743 1234 8762
744 1238 8795
745 1268 8612
746 1336 8660
747 1327 7888
748 1309 8059
749 1240 8345
750 1300 7876
751 1233 7522
752 1239 8470
753 1266 8451
754 1294 8395
755 1254 8839
756 1234 8175
757 1243 8116
758 1270 7972
759 1283 8206
760 1240 7666
761 1259 8302
762 1283 8004
763 1307 7675
764 1300 7937
765 1298 7916
766 1237 7519
767 1231 7775
768 1238 8270
769 1234 12290
770 1267 12070
771 1268 12850
772 1337 12964
773 1295 12539
774 1277 9928
775 1286 11174
776 1323 10530
777 1362 9559
778 1293 10267
779 1312 9717
780 1312 8982
781 1276 9644
782 1335 9984
783 1329 9802
784 1275 11307
785 1278 9360
786 1278 9539
787 1284 9756
788 1286 9709
789 1291 9059
790 1281 9665
791 1281 8829
792 1322 8589
793 1276 9980
794 1389 9995
795 1344 8706
796 1345 8810
797 1386 9463
798 1344 9052
799 1345 8494
800 1355 8881
801 1516 9977
802 1444 10825
803 1307 9263
804 1352 9926
805 1411 8428
806 1584 8830
807 1461 8907
808 1506 8523
809 1415 9271
810 1363 9308
811 1452 9471
812 1398 8922
813 1352 8980
814 1359 8276
815 1377 8648
816 1374 8101
817 1339 9808
818 1346 9485
819 1355 8606
820 1346 9374
821 1351 9119
822 1315 8883
823 1340 8610
824 1368 8594
825 1325 9357
826 1353 9593
827 1329 9353
828 1324 8523
829 1328 8542
830 1335 8424
831 1338 8236
832 1341 8695
833 1371 12196
834 1424 12841
835 1398 10882
836 1365 11154
837 1338 9609
838 1352 10187
839 1350 9743
840 1345 9029
841 1357 9545
842 1359 10251
843 1352 9714
844 1352 9128
845 1354 9090
846 1349 9594
847 1357 9187
848 1361 9226
849 1359 10400
850 1364 9842
851 1363 10121
852 1371 9559
853 1368 9270
854 1375 9017
855 1370 9795
856 1375 8856
857 1378 9443
858 1373 9182
859 1402 9263
860 1399 9485
861 1417 8964
862 1426 8615
863 1413 8940
864 1436 9221
865 1401 11553
866 1394 11162
867 1393 11138
868 1394 10582
869 1448 10454
870 1460 9814
871 1396 9426
872 1439 9293
873 1450 9587
874 1411 9612
875 1413 9449
876 1424 9916
877 1406 9337
878 1412 9481
879 1448 8805
880 1416 9942
881 1412 10320
882 1423 11650
883 1419 10023
884 1427 9681
885 1453 9190
886 1421 9969
887 1419 9660
888 1431 9343
889 1425 10518
890 1430 9866
891 1428 10042
892 1433 9671
893 1434 9437
894 1429 9294
895 1494 9227
896 1498 9353
897 1510 15048
898 1501 17008
899 1474 13528
900 1460 13388
901 1445 12464
902 1466 12930
903 1495 14037
904 1448 13053
905 1449 13845
906 1483 11629
907 1502 10554
908 1487 10790
909 1472 11838
910 1515 11415
911 1521 11627
912 1497 10582
913 1505 11423
914 1510 11406
915 1512 11422
916 1519 11472
917 1524 10606
918 1536 11159
919 1578 11003
920 1538 10006
921 1532 11591
922 1562 11169
923 1588 10568
924 1564 10946
925 1549 10198
926 1559 10558
927 1554 10374
928 1513 10825
929 1497 11870
930 1544 12260
931 1578 11383
932 1538 12281
933 1524 10818
934 1605 11145
935 1647 10441
936 1592 10839
937 1806 11411
938 2140 10742
939 1718 10585
940 1985 10264
941 1598 10518
942 1714 10623
943 1776 10187
944 1568 10246
945 1596 10682
946 1623 11405
947 1885 10943
948 1648 10891
949 1580 10935
950 1551 10507
951 1581 11246
952 1533 10920
953 1578 11376
954 1636 10869
955 1586 10438
956 1799 10330
957 1886 10640
958 1868 9886
959 1673 10485
960 1649 9959
961 1634 14527
962 1619 14538
963 1690 13505
964 1603 15609
965 1603 11807
966 1580 12232
967 1580 12692
968 1581 11469
969 1573 11828
970 1598 12665
971 1617 11432
972 1671 12098
973 1690 11937
974 1621 11743
975 1610 11274
976 1605 10935
977 1594 12614
978 1625 12337
979 1587 12306
980 1578 11762
981 1645 11646
982 1651 11129
983 1622 10731
984 1630 10972
985 1627 11406
986 1581 12363
987 1607 11178
988 1589 11172
989 1592 10974
990 1676 11288
991 1636 10439
992 1649 10924
993 1933 12528
994 1668 14312
995 1626 12307
996 1653 12822
997 1792 12237
998 1710 12691
999 1645 12316
