500, 776, 184
1000, 1445, 193
1500, 2158, 221
2000, 2879, 210
2500, 3861, 210
3000, 4415, 215
3500, 5199, 237
4000, 7816, 235
4500, 6592, 248
5000, 7567, 261
5500, 8090, 242
6000, 8570, 249
6500, 9569, 268
7000, 10132, 264
7500, 10510, 283
8000, 15214, 275
8500, 12532, 279
9000, 13183, 286
9500, 14095, 267
10000, 15570, 275
10500, 40057, 343
11000, 15722, 262
11500, 18701, 273
12000, 18632, 272
12500, 20333, 280
13000, 24472, 341
13500, 26662, 341
14000, 23320, 281
14500, 49488, 304
15000, 25512, 461
15500, 78902, 343
16000, 22772, 305
16500, 85485, 307
17000, 25846, 291
17500, 33727, 423
18000, 34433, 319
18500, 79710, 419
19000, 27363, 309
19500, 122300, 324
20000, 29637, 309
20500, 56348, 352
21000, 30765, 309
21500, 49210, 313
22000, 40209, 365
22500, 79046, 367
23000, 52304, 5373
23500, 44163, 315
24000, 56937, 331
24500, 40102, 334
25000, 44255, 343
25500, 65053, 355
26000, 92979, 346
26500, 102808, 405
27000, 112047, 869
27500, 80818, 434
28000, 47250, 439
28500, 56371, 354
29000, 42073, 304
29500, 133055, 379
30000, 65772, 3596
30500, 69019, 393
31000, 67932, 687
31500, 44983, 377
32000, 88111, 392
32500, 99154, 367
33000, 122427, 348
33500, 103395, 406
34000, 51495, 329
34500, 49669, 389
35000, 88235, 406
35500, 60854, 363
36000, 58101, 347
36500, 85298, 376
37000, 61824, 352
37500, 91748, 1225
38000, 92740, 450
38500, 69815, 365
39000, 80468, 359
39500, 94296, 422
40000, 131174, 364
40500, 98071, 401
41000, 113028, 396
41500, 114653, 372
42000, 97044, 384
42500, 67241, 343
43000, 105032, 372
43500, 102130, 357
44000, 67164, 399
44500, 78116, 344
45000, 76032, 371
45500, 114768, 443
46000, 89698, 517
46500, 84007, 391
47000, 74374, 407
47500, 190153, 415
48000, 181103, 424
48500, 85306, 685
49000, 85116, 391
49500, 83572, 361
50000, 93839, 478
50500, 90880, 456
51000, 75332, 441
51500, 115471, 565
52000, 113341, 407
52500, 118466, 412
53000, 80361, 398
53500, 111873, 422
54000, 155310, 553
54500, 123790, 485
55000, 107809, 445
55500, 91095, 1773
56000, 92820, 392
56500, 128504, 537
57000, 143407, 411
57500, 92890, 433
58000, 178411, 414
58500, 143591, 475
59000, 86630, 421
59500, 89536, 393
60000, 99838, 432
60500, 120413, 482
61000, 113606, 449
61500, 111900, 383
62000, 92749, 387
62500, 112086, 424
63000, 95422, 418
63500, 128065, 442
64000, 140343, 400
64500, 124110, 418
65000, 136008, 383
65500, 126982, 461
66000, 120830, 411
66500, 120864, 439
67000, 99904, 367
67500, 103734, 406
68000, 132100, 503
68500, 247019, 1648
69000, 125170, 465
69500, 102556, 390
70000, 105914, 352
70500, 128148, 592
71000, 139114, 531
71500, 129597, 484
72000, 125785, 516
72500, 124692, 442
73000, 120951, 836
73500, 112428, 368
74000, 108905, 435
74500, 123358, 502
75000, 121793, 471
75500, 124894, 429
76000, 138638, 455
76500, 131037, 459
77000, 129222, 424
77500, 110686, 376
78000, 115766, 394
78500, 122696, 399
79000, 117637, 320
79500, 138540, 413
80000, 115334, 395
80500, 149249, 392
81000, 123590, 397
81500, 127145, 2107
82000, 121533, 371
82500, 124482, 394
83000, 132101, 432
83500, 251532, 481
84000, 128877, 3245
84500, 132633, 415
85000, 158087, 465
85500, 165712, 416
86000, 151356, 451
86500, 164084, 835
87000, 170005, 615
87500, 150326, 489
88000, 168623, 484
88500, 152587, 482
89000, 154463, 1073
89500, 181208, 487
90000, 179869, 554
90500, 147957, 5664
91000, 161887, 449
91500, 154718, 693
92000, 153541, 498
92500, 167153, 407
93000, 180483, 460
93500, 171040, 484
94000, 170937, 439
94500, 164582, 519
95000, 200827, 527
95500, 177508, 437
96000, 171144, 521
96500, 164095, 483
97000, 289939, 605
97500, 162072, 448
98000, 167416, 489
98500, 170714, 797
99000, 219390, 484
99500, 180731, 548
100000, 169860, 437
100500, 178487, 520
101000, 177645, 580
101500, 183976, 451
102000, 166058, 443
102500, 159877, 516
103000, 165982, 429
103500, 171459, 568
104000, 171860, 467
104500, 175063, 486
105000, 195521, 578
105500, 175259, 501
106000, 171554, 552
106500, 176824, 456
107000, 180863, 405
107500, 174786, 512
108000, 175593, 503
108500, 419358, 494
109000, 209828, 509
109500, 207852, 462
110000, 179786, 467
110500, 175454, 592
111000, 193537, 475
111500, 181230, 486
112000, 174192, 577
112500, 171420, 457
113000, 183818, 476
113500, 188029, 492
114000, 179851, 483
114500, 172983, 601
115000, 178828, 465
115500, 196885, 527
116000, 192389, 489
116500, 200292, 528
117000, 200766, 553
117500, 176902, 424
118000, 180362, 529
118500, 190498, 1962
119000, 180580, 483
119500, 253915, 714
120000, 228855, 477
120500, 188671, 475
121000, 183514, 418
121500, 186284, 476
122000, 206048, 528
122500, 200706, 585
123000, 211339, 474
123500, 202029, 556
124000, 202338, 495
124500, 196608, 516
125000, 209332, 627
125500, 196043, 481
126000, 191562, 690
126500, 193605, 1400
127000, 196905, 496
127500, 194936, 426
128000, 202634, 1391
128500, 199500, 496
129000, 208134, 531
129500, 200746, 485
130000, 207745, 501
130500, 202248, 486
131000, 204150, 511
131500, 199431, 556
132000, 211224, 534
132500, 226814, 1167
133000, 209840, 507
133500, 204429, 527
134000, 265847, 534
134500, 239819, 536
135000, 232860, 587
135500, 228629, 548
136000, 248014, 547
136500, 209235, 531
137000, 233995, 691
137500, 222967, 586
138000, 231778, 620
138500, 211345, 482
139000, 226800, 485
139500, 222109, 542
140000, 211899, 474
140500, 243269, 649
141000, 285865, 587
141500, 215158, 693
142000, 241334, 597
142500, 224177, 1509
143000, 252554, 542
143500, 232506, 577
144000, 315609, 636
144500, 265150, 553
145000, 235880, 633
145500, 229918, 1064
146000, 267998, 797
146500, 246470, 554
147000, 239191, 3160
147500, 241579, 578
148000, 232382, 675
148500, 242384, 4288
149000, 233081, 635
149500, 253143, 622
150000, 310677, 640
150500, 233303, 450
151000, 237948, 566
151500, 248179, 562
152000, 227913, 435
152500, 251576, 644
153000, 243460, 619
153500, 283491, 691
154000, 273724, 548
154500, 238416, 471
155000, 258467, 684
155500, 239849, 615
156000, 241100, 556
156500, 260594, 546
157000, 249475, 525
157500, 276421, 606
158000, 259314, 643
158500, 250363, 491
159000, 371134, 935
159500, 277538, 486
160000, 246359, 532
160500, 266400, 625
161000, 245949, 478
161500, 242558, 407
162000, 281050, 957
162500, 286528, 794
163000, 270440, 561
163500, 254013, 495
164000, 279815, 564
164500, 283074, 1243
165000, 262727, 662
165500, 249617, 470
166000, 277939, 3153
166500, 292378, 526
167000, 272986, 535
167500, 354242, 594
168000, 270154, 552
168500, 257007, 481
169000, 268030, 592
169500, 276772, 607
170000, 268878, 557
170500, 269328, 495
171000, 342580, 687
171500, 325758, 715
172000, 363956, 671
172500, 494509, 1502
173000, 661475, 657
173500, 351335, 682
174000, 359317, 623
174500, 401805, 809
175000, 282935, 465
175500, 275235, 1551
176000, 280400, 798
176500, 278161, 557
177000, 266512, 516
177500, 274383, 578
178000, 287255, 587
178500, 276255, 541
179000, 507768, 1908
179500, 323956, 558
180000, 302305, 770
180500, 308475, 596
181000, 297297, 606
181500, 299662, 582
182000, 320956, 628
182500, 299879, 573
183000, 287153, 508
183500, 283826, 509
184000, 306940, 593
184500, 276334, 461
185000, 290324, 8709
185500, 300307, 453
186000, 301292, 570
186500, 389623, 688
187000, 298968, 581
187500, 308466, 502
188000, 309448, 583
188500, 299611, 580
189000, 309018, 580
189500, 307640, 622
190000, 320996, 569
190500, 312468, 577
191000, 307904, 550
191500, 311071, 571
192000, 307170, 618
192500, 297174, 554
193000, 325553, 537
193500, 312024, 510
194000, 403543, 1182
194500, 309561, 549
195000, 307579, 541
195500, 323050, 663
196000, 298488, 534
196500, 310562, 551
197000, 334067, 640
197500, 309861, 551
198000, 333700, 559
198500, 314409, 571
199000, 308839, 570
199500, 311111, 554
200000, 318523, 696
200500, 332977, 602
201000, 363840, 718
201500, 356646, 443
202000, 323317, 561
202500, 320693, 710
203000, 326400, 553
203500, 324759, 586
204000, 317632, 542
204500, 333840, 722
205000, 318071, 594
205500, 327614, 518
206000, 350102, 1325
206500, 330721, 569
207000, 341977, 616
207500, 327314, 552
208000, 377966, 566
208500, 339938, 596
209000, 379294, 617
209500, 336675, 628
210000, 331044, 997
210500, 344038, 623
211000, 335385, 523
211500, 337145, 632
212000, 344302, 608
212500, 342423, 564
213000, 339498, 591
213500, 335353, 822
214000, 336788, 559
214500, 396651, 748
215000, 382980, 632
215500, 339484, 777
216000, 359132, 633
216500, 352482, 566
217000, 346808, 571
217500, 422202, 1007
218000, 361538, 578
218500, 346750, 579
219000, 345020, 1489
219500, 356315, 570
220000, 359046, 571
220500, 358048, 524
221000, 360810, 902
221500, 446443, 564
222000, 346161, 664
222500, 345083, 603
223000, 351566, 581
223500, 378513, 753
224000, 367502, 1357
224500, 357112, 691
225000, 358398, 701
225500, 346360, 552
226000, 343312, 690
226500, 364325, 566
227000, 402900, 706
227500, 348307, 581
228000, 430895, 734
228500, 355515, 572
229000, 352896, 622
229500, 385803, 537
230000, 380660, 615
230500, 374465, 641
231000, 371534, 849
231500, 358011, 573
232000, 370650, 622
232500, 359829, 566
233000, 409351, 566
233500, 395521, 536
234000, 481908, 624
234500, 375792, 605
235000, 364242, 599
235500, 365733, 987
236000, 388067, 639
236500, 379468, 549
237000, 418163, 2345
237500, 371336, 755
238000, 384806, 1582
238500, 366001, 612
239000, 381854, 566
239500, 392821, 768
240000, 423492, 555
240500, 390301, 526
241000, 399105, 499
241500, 374213, 571
242000, 378299, 695
242500, 382782, 651
243000, 376308, 580
243500, 412040, 646
244000, 410860, 581
244500, 384577, 689
245000, 383912, 620
245500, 376431, 1753
246000, 503594, 884
246500, 400802, 550
247000, 387248, 644
247500, 408624, 586
248000, 572424, 650
248500, 519885, 581
249000, 415174, 551
249500, 394604, 646
250000, 398991, 597
250500, 393202, 518
251000, 525027, 1118
251500, 392093, 823
252000, 423866, 661
252500, 393386, 763
253000, 410830, 846
253500, 401015, 603
254000, 422729, 753
254500, 406230, 608
255000, 391741, 578
255500, 413688, 658
256000, 400529, 572
256500, 461823, 1139
257000, 426349, 775
257500, 426481, 586
258000, 399272, 806
258500, 417628, 1001
259000, 396867, 611
259500, 413722, 634
260000, 402123, 525
260500, 427372, 662
261000, 421682, 609
261500, 409953, 777
262000, 421813, 636
262500, 516649, 681
263000, 429191, 629
263500, 410672, 521
264000, 426868, 621
264500, 439341, 754
265000, 441883, 818
265500, 410467, 1477
266000, 428242, 621
266500, 428986, 580
267000, 407514, 593
267500, 463388, 733
268000, 457773, 737
268500, 452371, 660
269000, 416779, 532
269500, 421943, 772
270000, 425762, 723
270500, 427875, 627
271000, 411864, 718
271500, 440549, 690
272000, 446537, 603
272500, 542768, 701
273000, 576823, 3645
273500, 528168, 717
274000, 479950, 780
274500, 582678, 884
275000, 478641, 842
275500, 448033, 578
276000, 457065, 706
276500, 414891, 612
277000, 445371, 648
277500, 457157, 655
278000, 525845, 1593
278500, 502129, 756
279000, 473191, 782
279500, 475296, 789
280000, 458086, 824
280500, 471055, 1343
281000, 483754, 862
281500, 512256, 807
282000, 527562, 7401
282500, 526217, 667
283000, 766483, 896
283500, 749280, 5303
284000, 588233, 998
284500, 837912, 2997
285000, 820069, 826
285500, 880027, 885
286000, 626869, 1287
286500, 705189, 1522
287000, 839021, 908
287500, 639764, 885
288000, 767795, 786
288500, 454027, 830
289000, 465420, 577
289500, 433514, 1315
290000, 571308, 806
290500, 652965, 808
291000, 785910, 1144
291500, 722134, 930
292000, 771115, 969
292500, 722784, 3227
293000, 528288, 714
293500, 807882, 812
294000, 728572, 960
294500, 493738, 657
295000, 468736, 725
295500, 453248, 659
296000, 489390, 698
296500, 469799, 583
297000, 499145, 1636
297500, 446669, 636
298000, 491964, 635
298500, 456845, 1139
299000, 518181, 656
299500, 479472, 790
300000, 478418, 646
300500, 488777, 853
301000, 480437, 584
301500, 469063, 648
302000, 461302, 545
302500, 483537, 641
303000, 594432, 786
303500, 512055, 812
304000, 491921, 631
304500, 477881, 712
305000, 515803, 747
305500, 468253, 596
306000, 479027, 600
306500, 512512, 797
307000, 529821, 645
307500, 501772, 720
308000, 568786, 774
308500, 520683, 768
309000, 473663, 1693
309500, 465444, 885
310000, 476778, 630
310500, 479126, 704
311000, 476564, 672
311500, 468638, 629
312000, 467917, 624
312500, 526501, 712
313000, 496800, 954
313500, 519491, 777
314000, 478137, 683
314500, 511246, 699
315000, 494904, 624
315500, 496061, 653
316000, 498545, 678
316500, 505246, 641
317000, 537577, 654
317500, 527757, 1125
318000, 492936, 733
318500, 490062, 647
319000, 479951, 648
319500, 492075, 2131
320000, 501202, 780
320500, 499153, 582
321000, 507137, 651
321500, 497396, 667
322000, 574887, 671
322500, 497216, 687
323000, 494419, 594
323500, 501530, 683
324000, 489114, 534
324500, 519496, 657
325000, 509811, 794
325500, 518746, 700
326000, 504719, 603
326500, 497260, 581
327000, 539220, 759
327500, 503614, 597
328000, 486840, 597
328500, 494977, 570
329000, 512487, 597
329500, 504214, 636
330000, 513994, 1216
330500, 498909, 636
331000, 513714, 756
331500, 576606, 758
332000, 517401, 643
332500, 547336, 904
333000, 580414, 762
333500, 537565, 691
334000, 509469, 672
334500, 510385, 674
335000, 536499, 781
335500, 515332, 776
336000, 623466, 712
336500, 531743, 904
337000, 531711, 706
337500, 518206, 577
338000, 541338, 661
338500, 533193, 770
339000, 524393, 631
339500, 508066, 550
340000, 538834, 808
340500, 627140, 809
341000, 531132, 667
341500, 531483, 584
342000, 535355, 827
342500, 517751, 793
343000, 532365, 658
343500, 553307, 1024
344000, 540329, 685
344500, 533539, 640
345000, 598987, 1699
345500, 524496, 635
346000, 1072948, 669
346500, 845931, 627
347000, 899533, 653
347500, 564877, 589
348000, 634229, 648
348500, 585697, 744
349000, 563618, 1065
349500, 562632, 699
350000, 551374, 2352
350500, 556139, 770
351000, 530943, 555
351500, 529825, 590
352000, 565338, 813
352500, 576201, 621
353000, 595576, 671
353500, 536295, 582
354000, 536191, 659
354500, 540211, 594
355000, 531437, 608
355500, 551699, 810
356000, 534325, 562
356500, 552542, 826
357000, 628293, 752
357500, 537130, 638
358000, 544971, 628
358500, 568460, 737
359000, 540016, 758
359500, 560085, 803
360000, 556008, 689
360500, 537731, 622
361000, 566475, 677
361500, 580552, 706
362000, 550843, 678
362500, 547025, 742
363000, 580891, 653
363500, 549862, 622
364000, 562627, 627
364500, 548270, 681
365000, 552431, 657
365500, 642227, 744
366000, 547339, 621
366500, 569800, 960
367000, 543241, 552
367500, 564676, 613
368000, 555707, 670
368500, 566019, 671
369000, 559619, 608
369500, 605800, 637
370000, 601695, 817
370500, 570114, 964
371000, 573653, 1600
371500, 548338, 1430
372000, 555721, 577
372500, 575797, 662
373000, 552794, 581
373500, 558620, 601
374000, 653605, 910
374500, 578250, 749
375000, 567327, 596
375500, 574677, 688
376000, 570045, 740
376500, 575022, 591
377000, 563211, 553
377500, 575271, 873
378000, 576459, 612
378500, 615386, 828
379000, 588720, 680
379500, 590059, 695
380000, 608335, 1043
380500, 608370, 783
381000, 571396, 580
381500, 584055, 619
382000, 608248, 688
382500, 627302, 704
383000, 596723, 674
383500, 591940, 648
384000, 659097, 809
384500, 579020, 644
385000, 599824, 1277
385500, 592169, 646
386000, 796673, 5210
386500, 906207, 852
387000, 794900, 607
387500, 621597, 591
388000, 599284, 1000
388500, 599987, 2667
389000, 585111, 566
389500, 684373, 818
390000, 582595, 544
390500, 631147, 768
391000, 588514, 558
391500, 618363, 657
392000, 598665, 619
392500, 587353, 602
393000, 585985, 640
393500, 656556, 1848
394000, 695393, 766
394500, 899929, 8825
395000, 677776, 795
395500, 666243, 742
396000, 682518, 1080
396500, 681255, 1142
397000, 846089, 812
397500, 658449, 848
398000, 672859, 1528
398500, 684776, 671
399000, 650984, 777
399500, 635202, 953
400000, 672059, 893
400500, 665929, 674
401000, 606901, 586
401500, 637452, 689
402000, 603883, 585
402500, 620386, 699
403000, 600371, 588
403500, 612909, 679
404000, 695774, 1214
404500, 635032, 649
405000, 636544, 683
405500, 603263, 611
406000, 683022, 730
406500, 613682, 683
407000, 617019, 2226
407500, 612945, 558
408000, 1307027, 1121
408500, 638762, 678
409000, 649863, 875
409500, 649051, 652
410000, 635054, 631
410500, 627594, 656
411000, 621437, 1118
411500, 651709, 775
412000, 721121, 845
412500, 615910, 598
413000, 650946, 716
413500, 630579, 1470
414000, 632608, 880
414500, 626962, 603
415000, 771433, 852
415500, 652744, 751
416000, 645538, 801
416500, 669883, 699
417000, 622411, 696
417500, 637991, 719
418000, 656674, 1439
418500, 776398, 835
419000, 681742, 724
419500, 656537, 766
420000, 661570, 606
420500, 674438, 684
421000, 630050, 682
421500, 702152, 774
422000, 808057, 936
422500, 663612, 801
423000, 745873, 916
423500, 639202, 644
424000, 646343, 587
424500, 684118, 612
425000, 643304, 685
425500, 808601, 1002
426000, 658592, 804
426500, 649784, 649
427000, 647970, 651
427500, 653561, 643
428000, 686483, 1823
428500, 642727, 673
429000, 699078, 694
429500, 695630, 645
430000, 683720, 733
430500, 662240, 619
431000, 668965, 654
431500, 658658, 752
432000, 648181, 612
432500, 663627, 978
433000, 847702, 974
433500, 676311, 754
434000, 1263096, 869
434500, 706139, 717
435000, 656133, 619
435500, 898090, 979
436000, 671141, 712
436500, 651496, 642
437000, 671533, 800
437500, 661447, 612
438000, 756542, 890
438500, 658006, 702
439000, 777968, 807
439500, 655285, 676
440000, 655954, 839
440500, 693115, 800
441000, 701572, 934
441500, 698288, 709
442000, 720520, 711
442500, 800780, 741
443000, 710271, 713
443500, 679882, 692
444000, 707624, 699
444500, 693483, 1837
445000, 708016, 772
445500, 681531, 711
446000, 774403, 862
446500, 676965, 699
447000, 667373, 722
447500, 685056, 811
448000, 714971, 679
500, 794, 179
1000, 1486, 172
1500, 2204, 218
2000, 2876, 210
2500, 3860, 255
3000, 4384, 230
3500, 5286, 245
4000, 6061, 244
4500, 7147, 253
5000, 7527, 247
5500, 7713, 277
6000, 8648, 265
6500, 9048, 263
7000, 9923, 257
7500, 11271, 270
8000, 11493, 249
8500, 12008, 265
9000, 18920, 299
9500, 14134, 300
10000, 20630, 277
10500, 15518, 284
11000, 21077, 324
11500, 19382, 288
12000, 18306, 268
12500, 19620, 270
13000, 24927, 285
13500, 21850, 328
14000, 57110, 312
14500, 20421, 274
15000, 25213, 316
15500, 34284, 308
16000, 38115, 311
16500, 33914, 312
17000, 46777, 378
17500, 67432, 297
18000, 26050, 319
18500, 31672, 316
19000, 80777, 349
19500, 34882, 328
20000, 32372, 336
20500, 40726, 344
21000, 52956, 362
21500, 33963, 317
22000, 33598, 313
22500, 34653, 378
23000, 59282, 338
23500, 57937, 358
24000, 40000, 315
24500, 42147, 369
25000, 55646, 329
25500, 45589, 477
26000, 62641, 359
26500, 60637, 411
27000, 51711, 338
27500, 61827, 385
28000, 60017, 387
28500, 50788, 379
29000, 98693, 388
29500, 53150, 421
30000, 103841, 332
30500, 56746, 1021
31000, 58151, 350
31500, 76683, 740
32000, 58535, 350
32500, 68860, 468
33000, 63236, 374
33500, 51599, 345
34000, 75181, 408
34500, 66865, 374
35000, 52992, 610
35500, 80594, 418
36000, 81450, 414
36500, 81837, 402
37000, 76994, 412
37500, 91473, 393
38000, 66104, 390
38500, 77389, 378
39000, 66013, 352
39500, 75293, 355
40000, 71966, 393
40500, 79273, 384
41000, 72257, 391
41500, 67266, 370
42000, 68531, 378
42500, 79875, 403
43000, 70499, 378
43500, 79253, 562
44000, 68124, 386
44500, 68809, 1864
45000, 83182, 468
45500, 74827, 476
46000, 69353, 391
46500, 85964, 445
47000, 69981, 371
47500, 97147, 427
48000, 82054, 406
48500, 80882, 467
49000, 74447, 386
49500, 79225, 438
50000, 77581, 402
50500, 84456, 477
51000, 79365, 386
51500, 95830, 453
52000, 80455, 413
52500, 80438, 367
53000, 104231, 413
53500, 242025, 574
54000, 126933, 515
54500, 124863, 419
55000, 123198, 396
55500, 79676, 373
56000, 117692, 478
56500, 113495, 442
57000, 100542, 23449
57500, 151944, 457
58000, 104601, 470
58500, 122389, 448
59000, 136328, 428
59500, 563032, 418
60000, 225389, 459
60500, 134630, 670
61000, 208528, 450
61500, 157644, 525
62000, 144528, 481
62500, 217360, 514
63000, 111569, 536
63500, 150792, 406
64000, 130198, 725
64500, 111386, 420
65000, 97531, 409
65500, 143113, 4455
66000, 116575, 8145
66500, 96574, 356
67000, 118423, 421
67500, 124347, 457
68000, 188395, 1571
68500, 123043, 537
69000, 135463, 427
69500, 127523, 372
70000, 111716, 416
70500, 105497, 391
71000, 122511, 440
71500, 100800, 334
72000, 101418, 340
72500, 131347, 492
73000, 119104, 471
73500, 153446, 488
74000, 135593, 505
74500, 123305, 461
75000, 109734, 366
75500, 113339, 379
76000, 111319, 332
76500, 118497, 597
77000, 125006, 543
77500, 117313, 397
78000, 112022, 394
78500, 123784, 480
79000, 119830, 458
79500, 111575, 339
80000, 137044, 370
80500, 128794, 447
81000, 123947, 405
81500, 124172, 343
82000, 121538, 373
82500, 126046, 590
83000, 123918, 370
83500, 204555, 500
84000, 154523, 462
84500, 161659, 384
85000, 146092, 544
85500, 158721, 439
86000, 164118, 511
86500, 157084, 405
87000, 162145, 445
87500, 166212, 416
88000, 156276, 468
88500, 147804, 466
89000, 154291, 459
89500, 155505, 443
90000, 160835, 479
90500, 166551, 599
91000, 153452, 490
91500, 178533, 455
92000, 140680, 428
92500, 157045, 458
93000, 174553, 643
93500, 164929, 390
94000, 171248, 447
94500, 175453, 595
95000, 177392, 591
95500, 151824, 574
96000, 154337, 464
96500, 161540, 477
97000, 156099, 497
97500, 229862, 484
98000, 206278, 518
98500, 161832, 481
99000, 178639, 570
99500, 153731, 407
100000, 183729, 559
100500, 187554, 634
101000, 198136, 763
101500, 170918, 445
102000, 166535, 421
102500, 182746, 524
103000, 180062, 523
103500, 226383, 748
104000, 180471, 504
104500, 183505, 647
105000, 174896, 502
105500, 172482, 465
106000, 205300, 526
106500, 168362, 586
107000, 163496, 440
107500, 176209, 616
108000, 181644, 1399
108500, 198110, 401
109000, 175884, 730
109500, 174505, 407
110000, 286181, 947
110500, 202982, 598
111000, 191260, 506
111500, 189604, 742
112000, 186930, 511
112500, 197366, 601
113000, 214550, 539
113500, 187106, 470
114000, 179685, 449
114500, 186179, 476
115000, 204434, 547
115500, 186807, 412
116000, 183023, 411
116500, 204235, 607
117000, 212920, 583
117500, 188525, 443
118000, 189589, 461
118500, 184572, 445
119000, 203545, 510
119500, 183352, 407
120000, 209346, 484
120500, 205063, 490
121000, 191708, 486
121500, 241820, 1024
122000, 195050, 504
122500, 199047, 448
123000, 226059, 3686
123500, 203521, 925
124000, 200981, 519
124500, 205576, 504
125000, 198568, 560
125500, 201646, 602
126000, 233527, 534
126500, 199915, 431
127000, 217572, 2277
127500, 210205, 453
128000, 224621, 441
128500, 203147, 459
129000, 222408, 410
129500, 201898, 491
130000, 215794, 562
130500, 238931, 1561
131000, 219714, 388
131500, 251773, 567
132000, 338141, 2283
132500, 217102, 488
133000, 247391, 551
133500, 216847, 596
134000, 207841, 418
134500, 213546, 517
135000, 225857, 934
135500, 213878, 433
136000, 221063, 432
136500, 211406, 402
137000, 254147, 500
137500, 220594, 546
138000, 293829, 810
138500, 301099, 596
139000, 301513, 524
139500, 507203, 511
140000, 213240, 410
140500, 256527, 520
141000, 227343, 487
141500, 263346, 690
142000, 262311, 2466
142500, 245375, 510
143000, 266243, 588
143500, 266897, 613
144000, 249325, 552
144500, 258694, 5422
145000, 221626, 501
145500, 227386, 850
146000, 222234, 548
146500, 238856, 588
147000, 230142, 476
147500, 238858, 614
148000, 235524, 583
148500, 236185, 530
149000, 260314, 690
149500, 242542, 548
150000, 286917, 661
150500, 248745, 680
151000, 242698, 580
151500, 261008, 598
152000, 246804, 516
152500, 248446, 577
153000, 268368, 670
153500, 242732, 506
154000, 233276, 497
154500, 257007, 527
155000, 255593, 526
155500, 250285, 753
156000, 269987, 563
156500, 289240, 814
157000, 277367, 520
157500, 284104, 605
158000, 326429, 676
158500, 308233, 525
159000, 288765, 820
159500, 273250, 600
160000, 275928, 538
160500, 273383, 623
161000, 275727, 631
161500, 262453, 534
162000, 249794, 534
162500, 280068, 708
163000, 250482, 495
163500, 242988, 448
164000, 252750, 508
164500, 247094, 495
165000, 251952, 724
165500, 264069, 580
166000, 271780, 1973
166500, 327542, 589
167000, 263237, 429
167500, 262299, 491
168000, 258462, 513
168500, 284867, 1401
169000, 253212, 491
169500, 264029, 1674
170000, 275381, 625
170500, 257461, 666
171000, 263064, 2988
171500, 265910, 499
172000, 267115, 545
172500, 322712, 634
173000, 346127, 679
173500, 385303, 648
174000, 352664, 953
174500, 367379, 767
175000, 407518, 667
175500, 446032, 711
176000, 346277, 649
176500, 303411, 576
177000, 299907, 834
177500, 284732, 523
178000, 292558, 515
178500, 268060, 771
179000, 275388, 451
179500, 337178, 1149
180000, 362161, 532
180500, 318468, 1068
181000, 319684, 542
181500, 292127, 576
182000, 295473, 519
182500, 291025, 572
183000, 276868, 449
183500, 286326, 481
184000, 306503, 562
184500, 312983, 621
185000, 316550, 641
185500, 301295, 1018
186000, 304111, 501
186500, 303734, 1897
187000, 310002, 616
187500, 356361, 749
188000, 307593, 527
188500, 309549, 743
189000, 304765, 533
189500, 315320, 531
190000, 311059, 605
190500, 313199, 584
191000, 317679, 532
191500, 313531, 534
192000, 308861, 514
192500, 320676, 586
193000, 312822, 574
193500, 314989, 535
194000, 325809, 527
194500, 331504, 1669
195000, 375802, 618
195500, 329635, 548
196000, 327547, 512
196500, 307567, 487
197000, 317328, 531
197500, 317366, 516
198000, 334217, 488
198500, 315252, 483
199000, 368447, 545
199500, 338867, 640
200000, 342969, 668
200500, 324919, 521
201000, 919675, 584
201500, 508979, 597
202000, 316531, 540
202500, 314296, 632
203000, 307273, 519
203500, 310336, 681
204000, 304232, 661
204500, 311766, 562
205000, 342853, 631
205500, 345436, 721
206000, 332730, 553
206500, 383093, 672
207000, 357765, 616
207500, 333567, 582
208000, 417287, 760
208500, 349650, 758
209000, 339739, 558
209500, 325873, 518
210000, 324341, 1182
210500, 313846, 596
211000, 345950, 537
211500, 325568, 518
212000, 337978, 574
212500, 333910, 545
213000, 340774, 550
213500, 348735, 822
214000, 328966, 1638
214500, 348837, 610
215000, 421882, 689
215500, 333177, 517
216000, 317482, 505
216500, 330494, 602
217000, 328875, 680
217500, 353545, 2741
218000, 342572, 617
218500, 351936, 3585
219000, 345063, 546
219500, 335925, 598
220000, 332406, 510
220500, 332122, 483
221000, 348437, 991
221500, 384269, 590
222000, 358042, 675
222500, 342933, 554
223000, 343685, 506
223500, 346807, 600
224000, 348440, 693
224500, 350463, 627
225000, 359694, 1638
225500, 352010, 583
226000, 350329, 571
226500, 355866, 2720
227000, 349522, 586
227500, 362873, 652
228000, 359288, 605
228500, 406017, 1124
229000, 358865, 577
229500, 367108, 623
230000, 366229, 591
230500, 367126, 625
231000, 366605, 844
231500, 361505, 843
232000, 366862, 498
232500, 351966, 525
233000, 348195, 519
233500, 352690, 476
234000, 365500, 982
234500, 349988, 509
235000, 406164, 664
235500, 360211, 726
236000, 350730, 520
236500, 360812, 790
237000, 391715, 578
237500, 371620, 594
238000, 370807, 537
238500, 381091, 607
239000, 371629, 552
239500, 386054, 636
240000, 388732, 635
240500, 382645, 1241
241000, 493004, 714
241500, 381642, 591
242000, 367083, 753
242500, 362002, 527
243000, 369809, 600
243500, 391710, 620
244000, 380288, 1641
244500, 373987, 540
245000, 376178, 590
245500, 389734, 569
246000, 372250, 682
246500, 381760, 703
247000, 402743, 553
247500, 400260, 866
248000, 370671, 480
248500, 380334, 518
249000, 378456, 527
249500, 381371, 533
250000, 411280, 608
250500, 378990, 544
251000, 379420, 624
251500, 374405, 501
252000, 386856, 564
252500, 398561, 641
253000, 383838, 478
253500, 456095, 741
254000, 384648, 700
254500, 389840, 542
255000, 383226, 511
255500, 391855, 670
256000, 382974, 529
256500, 436618, 602
257000, 402702, 599
257500, 415523, 689
258000, 408341, 630
258500, 418293, 613
259000, 399359, 943
259500, 466607, 1855
260000, 808447, 593
260500, 526302, 3001
261000, 424152, 1035
261500, 411154, 563
262000, 445899, 932
262500, 484518, 920
263000, 467174, 996
263500, 483552, 825
264000, 480213, 946
264500, 436151, 1102
265000, 423039, 534
265500, 455449, 1648
266000, 443334, 578
266500, 429191, 492
267000, 414836, 515
267500, 443642, 602
268000, 430893, 543
268500, 422969, 547
269000, 450534, 632
269500, 508628, 809
270000, 481084, 657
270500, 453275, 664
271000, 438084, 620
271500, 434530, 702
272000, 402884, 574
272500, 500874, 861
273000, 498101, 795
273500, 448385, 875
274000, 463237, 945
274500, 491872, 705
275000, 468402, 606
275500, 479024, 922
276000, 466922, 745
276500, 458811, 645
277000, 460386, 602
277500, 465076, 619
278000, 547789, 910
278500, 464292, 1172
279000, 551684, 1083
279500, 589800, 1131
280000, 499849, 720
280500, 469866, 714
281000, 455269, 755
281500, 451631, 975
282000, 468989, 750
282500, 509040, 637
283000, 515694, 667
283500, 476989, 724
284000, 567239, 907
284500, 462452, 784
285000, 474693, 966
285500, 470963, 742
286000, 444318, 927
286500, 451385, 761
287000, 1045831, 802
287500, 666186, 752
288000, 505309, 683
288500, 439464, 1337
289000, 431778, 600
289500, 449580, 604
290000, 481315, 659
290500, 461342, 657
291000, 452794, 670
291500, 430764, 529
292000, 467249, 540
292500, 453942, 706
293000, 458988, 613
293500, 499178, 813
294000, 454093, 743
294500, 465952, 579
295000, 442129, 605
295500, 458051, 688
296000, 455121, 661
296500, 473162, 774
297000, 464196, 1649
297500, 469265, 715
298000, 457391, 573
298500, 514018, 2941
299000, 453571, 695
299500, 468700, 566
300000, 461081, 578
300500, 449377, 547
301000, 469118, 640
301500, 459732, 530
302000, 460294, 667
302500, 458888, 626
303000, 464339, 635
303500, 513636, 633
304000, 466220, 612
304500, 454510, 497
305000, 462085, 509
305500, 464949, 1349
306000, 454605, 530
306500, 469958, 662
307000, 469347, 688
307500, 494833, 694
308000, 511529, 757
308500, 640919, 877
309000, 573343, 882
309500, 553833, 808
310000, 564964, 837
310500, 567619, 822
311000, 526026, 1086
311500, 513714, 772
312000, 560380, 1696
312500, 625967, 759
313000, 748856, 853
313500, 718058, 745
314000, 530067, 893
314500, 517185, 1582
315000, 502644, 572
315500, 522678, 1433
316000, 873372, 816
316500, 601875, 762
317000, 572750, 956
317500, 579335, 777
318000, 530344, 908
318500, 522342, 841
319000, 507247, 700
319500, 564723, 816
320000, 530741, 818
320500, 521197, 988
321000, 505568, 706
321500, 508686, 811
322000, 566321, 1243
322500, 576659, 1124
323000, 540002, 1515
323500, 515259, 962
324000, 530410, 781
324500, 558128, 682
325000, 539438, 658
325500, 552684, 706
326000, 650221, 855
326500, 626036, 910
327000, 647814, 867
327500, 609078, 787
328000, 533647, 1244
328500, 552325, 617
329000, 488748, 580
329500, 525762, 689
330000, 513147, 617
330500, 528674, 668
331000, 517081, 688
331500, 567480, 628
332000, 522459, 719
332500, 548153, 653
333000, 655156, 878
333500, 541035, 704
334000, 531102, 775
334500, 549419, 1010
335000, 579153, 937
335500, 866578, 789
336000, 845143, 3154
336500, 643723, 825
337000, 511624, 526
337500, 532985, 753
338000, 525019, 680
338500, 531832, 687
339000, 538190, 880
339500, 523126, 684
340000, 521909, 595
340500, 614575, 734
341000, 566410, 731
341500, 545341, 645
342000, 519469, 641
342500, 530873, 537
343000, 546000, 1043
343500, 519780, 566
344000, 533579, 714
344500, 507711, 2592
345000, 527438, 800
345500, 545049, 570
346000, 546060, 3642
346500, 522167, 833
347000, 522768, 620
347500, 546125, 731
348000, 564091, 1233
348500, 548550, 633
349000, 546500, 798
349500, 562670, 888
350000, 599097, 870
350500, 533214, 638
351000, 541735, 696
351500, 542123, 692
352000, 532538, 631
352500, 537450, 637
353000, 560081, 1013
353500, 573424, 667
354000, 571397, 3276
354500, 666982, 752
355000, 595635, 807
355500, 541178, 537
356000, 534461, 2339
356500, 537834, 839
357000, 553987, 731
357500, 551293, 632
358000, 550698, 846
358500, 780839, 743
359000, 575423, 1461
359500, 573299, 761
360000, 544859, 1447
360500, 551649, 787
361000, 547694, 1052
361500, 553985, 655
362000, 582064, 795
362500, 776013, 952
363000, 655720, 2059
363500, 603255, 1130
364000, 585929, 694
364500, 552092, 608
365000, 564113, 728
365500, 570020, 631
366000, 574631, 778
366500, 588702, 1125
367000, 572637, 945
367500, 1193784, 860
368000, 821054, 807
368500, 627283, 819
369000, 626241, 962
369500, 580976, 674
370000, 640288, 9429
370500, 625182, 806
371000, 564187, 614
371500, 613373, 994
372000, 561374, 658
372500, 577878, 760
373000, 566114, 711
373500, 602989, 956
374000, 657610, 1612
374500, 571970, 699
375000, 571359, 677
375500, 580218, 645
376000, 562366, 742
376500, 574689, 691
377000, 571583, 619
377500, 570451, 605
378000, 649814, 627
378500, 606532, 850
379000, 564664, 1358
379500, 598391, 701
380000, 570450, 650
380500, 575817, 588
381000, 581353, 625
381500, 582866, 722
382000, 612667, 706
382500, 646465, 859
383000, 630485, 793
383500, 573934, 530
384000, 595981, 642
384500, 581080, 654
385000, 607488, 663
385500, 582075, 664
386000, 611144, 671
386500, 638718, 715
387000, 604110, 759
387500, 586789, 658
388000, 598385, 880
388500, 610805, 859
389000, 598478, 680
389500, 586336, 729
390000, 610420, 713
390500, 618320, 754
391000, 649537, 722
391500, 590124, 610
392000, 622925, 641
392500, 586052, 695
393000, 592880, 631
393500, 594362, 626
394000, 630594, 742
394500, 621203, 1064
395000, 609091, 679
395500, 603858, 650
396000, 606599, 610
396500, 608797, 885
397000, 587878, 826
397500, 817277, 824
398000, 828222, 824
398500, 621968, 653
399000, 600687, 579
399500, 628418, 1748
400000, 595132, 584
400500, 620938, 1087
401000, 606574, 613
401500, 665084, 751
402000, 607035, 642
402500, 616398, 677
403000, 630888, 725
403500, 661138, 732
404000, 651836, 792
404500, 682730, 801
405000, 1036509, 834
405500, 627574, 769
406000, 662546, 1225
406500, 634687, 1131
407000, 634718, 831
407500, 635653, 759
408000, 622502, 681
408500, 636822, 748
409000, 694583, 656
409500, 657527, 891
410000, 636713, 699
410500, 661950, 1159
411000, 719110, 825
411500, 674823, 695
412000, 638142, 946
412500, 743534, 758
413000, 642989, 687
413500, 651257, 748
414000, 636181, 742
414500, 641962, 1850
415000, 652484, 917
415500, 654702, 931
416000, 705780, 999
416500, 637148, 659
417000, 628107, 659
417500, 625788, 621
418000, 635843, 682
418500, 638062, 622
419000, 649927, 858
419500, 646296, 696
420000, 838668, 919
420500, 648249, 700
421000, 639091, 589
421500, 673385, 735
422000, 1123746, 715
422500, 903929, 816
423000, 751946, 1085
423500, 660153, 682
424000, 676211, 928
424500, 675308, 830
425000, 639317, 618
425500, 654864, 1058
426000, 645750, 644
426500, 740215, 932
427000, 656918, 686
427500, 686738, 1442
428000, 678695, 757
428500, 679012, 744
429000, 681154, 962
429500, 672580, 712
430000, 747089, 908
430500, 671651, 631
431000, 676392, 753
431500, 676213, 669
432000, 724065, 930
432500, 674473, 719
433000, 670726, 918
433500, 680666, 1057
434000, 658428, 695
434500, 718507, 1431
435000, 650461, 589
435500, 653674, 976
436000, 685726, 712
436500, 654712, 862
437000, 688623, 711
437500, 680514, 701
438000, 658435, 621
438500, 683047, 744
439000, 684344, 869
439500, 663519, 667
440000, 679224, 671
440500, 696741, 775
441000, 763011, 798
441500, 659292, 624
442000, 662534, 656
442500, 706335, 697
443000, 668332, 1561
443500, 733582, 816
444000, 665677, 788
444500, 791610, 837
445000, 672351, 632
445500, 679167, 1178
446000, 685440, 800
446500, 663468, 1056
447000, 692312, 871
447500, 669828, 674
448000, 1298178, 805
448500, 705386, 678
449000, 701826, 673
449500, 751375, 599
450000, 679000, 813
450500, 737888, 767
451000, 695800, 578
451500, 688706, 766
452000, 681228, 581
452500, 699504, 636
453000, 724318, 978
453500, 677041, 641
454000, 750897, 904
454500, 695300, 565
455000, 679319, 678
455500, 683869, 690
456000, 688949, 696
456500, 703432, 694
457000, 688915, 706
457500, 713808, 2037
458000, 726674, 741
458500, 707283, 619
459000, 698069, 617
459500, 702945, 737
460000, 705173, 575
460500, 690391, 681
461000, 722010, 706
461500, 739900, 874
462000, 694950, 862
462500, 698387, 740
463000, 737141, 791
463500, 722934, 752
464000, 722436, 564
464500, 743721, 701
465000, 714523, 632
465500, 715170, 626
466000, 730643, 666
466500, 693462, 615
467000, 710995, 799
467500, 725325, 1247
468000, 1128915, 807
468500, 998789, 802
469000, 906170, 1054
469500, 886292, 1509
470000, 717864, 3499
470500, 802777, 1107
471000, 738718, 833
471500, 717724, 1034
472000, 733559, 644
472500, 767166, 709
473000, 798832, 771
473500, 903358, 725
474000, 779268, 896
474500, 811229, 867
475000, 901283, 730
475500, 761055, 795
476000, 737068, 670
476500, 812353, 671
477000, 732821, 721
477500, 746409, 700
478000, 750919, 851
478500, 737284, 707
479000, 748841, 770
479500, 773345, 789
480000, 854473, 895
480500, 763887, 733
481000, 744660, 841
481500, 723410, 600
482000, 720200, 609
482500, 732435, 613
483000, 799097, 795
483500, 731674, 638
484000, 772979, 716
484500, 874981, 872
485000, 850340, 1318
485500, 874478, 1731
486000, 1001977, 1166
486500, 1233115, 1104
487000, 1042943, 954
487500, 940824, 1068
488000, 975231, 15960
488500, 779526, 775
489000, 776576, 781
489500, 788877, 1120
490000, 753362, 797
490500, 758803, 918
491000, 837023, 925
491500, 821710, 1103
492000, 752066, 741
492500, 763918, 754
493000, 779665, 753
493500, 805379, 1181
494000, 780318, 799
494500, 891413, 916
495000, 808190, 888
495500, 784975, 3485
496000, 753165, 632
496500, 742521, 760
497000, 797942, 803
497500, 922420, 917
498000, 775916, 775
498500, 773823, 1020
499000, 754434, 768
499500, 748324, 669
500000, 774582, 704
500500, 808305, 811
501000, 785518, 707
501500, 769783, 997
502000, 796489, 660
502500, 764197, 1067
503000, 1340717, 912
503500, 883398, 812
504000, 784700, 894
504500, 777957, 724
505000, 787083, 791
505500, 783783, 770
506000, 799071, 681
506500, 815020, 903
507000, 798236, 1322
507500, 785264, 1217
508000, 778116, 1546
508500, 792836, 860
509000, 809904, 830
509500, 783225, 762
510000, 800148, 926
510500, 799041, 2223
511000, 786949, 810
511500, 778343, 712
512000, 892212, 726
512500, 778292, 680
513000, 781754, 1047
513500, 799091, 823
514000, 808349, 686
514500, 812685, 799
515000, 1006511, 654
515500, 780844, 1058
516000, 773505, 649
516500, 801589, 687
517000, 794382, 657
517500, 1293546, 1799
518000, 997811, 713
518500, 781970, 629
519000, 782579, 744
519500, 784069, 664
520000, 791455, 631
520500, 792473, 2358
521000, 865705, 713
521500, 784576, 783
522000, 791095, 661
522500, 791434, 635
523000, 802856, 1187
523500, 812661, 844 
524000, 842280, 807
524500, 813368, 1574
525000, 798022, 1110
525500, 801907, 662
526000, 788724, 716
526500, 814314, 691
527000, 862271, 862
527500, 815241, 791
528000, 802127, 711
528500, 850203, 697
529000, 818483, 833
529500, 802463, 818
530000, 850774, 911
530500, 809206, 629
531000, 812302, 716
531500, 826617, 709
532000, 807328, 684
532500, 816476, 2127
533000, 1131285, 772
533500, 1007736, 744
534000, 815995, 718
534500, 794799, 649
535000, 813537, 734
535500, 921009, 825
536000, 870937, 853
536500, 829467, 1069
537000, 813749, 4707
537500, 808216, 1667
538000, 822443, 686
538500, 851080, 938
539000, 800383, 578
539500, 812419, 715
540000, 815838, 650
540500, 822693, 713
541000, 829117, 863
541500, 871192, 1410
542000, 826940, 982
542500, 824210, 913
543000, 839030, 1572
543500, 824296, 2198
544000, 851893, 729
544500, 850438, 739
545000, 826278, 1423
545500, 819873, 638
546000, 829429, 768
546500, 938531, 652
547000, 852098, 723
547500, 836811, 665
548000, 826109, 698
548500, 820415, 672
549000, 831152, 727
549500, 819030, 871
550000, 891538, 697
550500, 852943, 717
551000, 1440149, 737
551500, 846456, 752
552000, 840671, 723
552500, 939656, 873
553000, 834704, 822
553500, 840212, 701
554000, 848540, 767
554500, 844981, 698
555000, 933043, 748
555500, 946298, 763
556000, 856720, 1019
556500, 840651, 747
557000, 840527, 754
557500, 856837, 668
558000, 887408, 13143
558500, 868524, 1014
559000, 839630, 834
559500, 960322, 1727
560000, 854004, 629
560500, 861438, 665
561000, 903286, 1656
561500, 839955, 880
562000, 848525, 695
562500, 854158, 785
563000, 854373, 788
563500, 848423, 727
564000, 918100, 758
564500, 863138, 772
565000, 853677, 789
565500, 865312, 694
566000, 1072684, 926
566500, 1115693, 827
567000, 862637, 656
567500, 847219, 725
568000, 873082, 844
568500, 858254, 682
569000, 942648, 793
569500, 856596, 732
570000, 857232, 1117
570500, 859546, 732
571000, 861192, 614
571500, 870103, 683
572000, 924884, 752
572500, 853962, 746
573000, 852272, 713
573500, 878623, 656
574000, 859597, 1612
574500, 928638, 813
575000, 888642, 695
575500, 873341, 1069
576000, 862000, 649
576500, 860695, 664
577000, 883691, 731
577500, 894208, 997
578000, 884469, 801
578500, 873183, 654
579000, 876723, 670
579500, 888031, 832
580000, 859778, 701
580500, 2570936, 906
581000, 1101719, 851
581500, 1066204, 788
582000, 1250203, 983
582500, 1043830, 761
583000, 1084629, 894
583500, 1643668, 972
584000, 903683, 1058
584500, 936531, 831
585000, 926194, 900
585500, 972662, 749
586000, 1045958, 783
586500, 962239, 887
587000, 920288, 755
587500, 925597, 762
588000, 945606, 1064
588500, 1006286, 832
589000, 925490, 768
589500, 950208, 911
590000, 947641, 789
590500, 919824, 749
591000, 927056, 1308
591500, 991831, 893
592000, 1885521, 897
592500, 998989, 983
593000, 1008633, 963
593500, 992509, 1043
594000, 1111947, 3087
594500, 995618, 870
595000, 954085, 824
595500, 951531, 795
596000, 1303428, 1006
596500, 1034965, 897
597000, 991710, 1054
597500, 1145327, 2897
598000, 1162870, 1040
598500, 1038242, 893
599000, 913872, 957
599500, 1285421, 763
600000, 1332613, 1053
600500, 948152, 794
601000, 954151, 712
601500, 982338, 1370
602000, 945352, 780
602500, 1231640, 1967
603000, 1054164, 1429
603500, 933704, 785
604000, 919519, 771
604500, 937520, 701
605000, 1120245, 1925
605500, 932602, 724
606000, 922225, 691
606500, 960931, 678
607000, 958074, 721
607500, 1097805, 1250
608000, 975625, 993
608500, 1027961, 973
609000, 1003139, 972
609500, 1037727, 1433
610000, 1066123, 813
610500, 942416, 795
611000, 971411, 781
611500, 984252, 869
612000, 1011972, 1003
612500, 1097536, 3617
613000, 953715, 818
613500, 1356233, 1355
614000, 1157709, 957
614500, 981352, 1587
615000, 941604, 1068
615500, 957298, 1485
616000, 959512, 1416
616500, 932094, 1013
617000, 1203859, 994
617500, 1137222, 1019
618000, 991734, 1345
618500, 962080, 1013
619000, 947563, 793
619500, 1011348, 795
620000, 955040, 773
620500, 970860, 729
621000, 961231, 813
621500, 951860, 1068
622000, 1082785, 736
622500, 961455, 889
623000, 966851, 802
623500, 961550, 1117
624000, 948601, 755
624500, 1056101, 718
625000, 933680, 742
625500, 1257121, 1025
626000, 1148932, 741
626500, 965793, 881
627000, 951654, 792
627500, 956640, 675
628000, 933039, 695
628500, 948729, 935
629000, 965855, 779
629500, 1012418, 1000
630000, 937532, 655
630500, 945114, 720
631000, 963911, 2013
631500, 947399, 642
632000, 1038587, 677
632500, 956790, 1119
633000, 941039, 680
633500, 961482, 722
634000, 988591, 1057
634500, 988887, 718
635000, 964817, 1107
635500, 935470, 1128
636000, 953073, 709
636500, 950153, 717
637000, 1011887, 842
637500, 952144, 727
638000, 963959, 641
638500, 961202, 701
639000, 974904, 670
639500, 1042124, 973
640000, 957441, 809
640500, 950428, 1158
641000, 971107, 850
641500, 1403773, 1001
642000, 1042377, 746
642500, 945907, 589
643000, 981955, 1934
643500, 984096, 715
644000, 956628, 969
644500, 1027647, 855
645000, 966542, 671
645500, 966801, 799
646000, 979384, 693
646500, 963923, 721
647000, 1012408, 779
647500, 976701, 831
648000, 975766, 696
648500, 965800, 634
649000, 966422, 674
649500, 1069019, 819
650000, 972733, 685
650500, 977753, 708
651000, 996377, 610
651500, 973430, 636
652000, 1064406, 721
652500, 964911, 769
653000, 996788, 1799
653500, 988221, 681
654000, 979260, 1556
654500, 1021675, 1337
655000, 1018846, 673
655500, 987264, 698
656000, 972183, 660
656500, 1013189, 925
657000, 1040893, 689
657500, 966834, 647
658000, 1538472, 823
658500, 1036832, 829
659000, 1224210, 877
659500, 1018742, 804
660000, 1011003, 1145
660500, 981092, 636
661000, 1022218, 716
661500, 977374, 719
662000, 1023772, 676
662500, 981858, 798
663000, 988409, 815
663500, 1026733, 770
664000, 991370, 677
664500, 1096834, 945
665000, 983164, 688
665500, 995958, 715
666000, 1052221, 729
666500, 1009032, 719
667000, 980592, 847
667500, 1009546, 685
668000, 1002282, 693
668500, 1007123, 783
669000, 1009221, 795
669500, 1014716, 1682
670000, 991697, 706
670500, 1007722, 762
671000, 1032356, 827
671500, 1530831, 1666
672000, 1000399, 683
672500, 1018015, 852
673000, 1001576, 637
673500, 1033611, 858
674000, 1017894, 649
674500, 1001672, 729
675000, 1009654, 704
675500, 1038677, 761
676000, 1018011, 779
676500, 1026145, 722
677000, 1029981, 775
677500, 1002599, 708
678000, 1080876, 815
678500, 1098241, 748
679000, 1026729, 823
679500, 1033774, 909
680000, 1028075, 659
680500, 1088849, 754
681000, 1036571, 748
681500, 1046089, 720
682000, 1025122, 664
682500, 1009716, 621
683000, 1082751, 771
683500, 1019482, 750
684000, 1033000, 1105
684500, 1059947, 858
685000, 1058335, 700
685500, 1327598, 773
686000, 1075599, 730
686500, 1007300, 880
687000, 1034074, 928
687500, 1055930, 1861
688000, 1023097, 701
688500, 1035901, 775
689000, 1022178, 665
689500, 1057844, 711
690000, 1030059, 673
690500, 1027883, 840
691000, 1053967, 671
691500, 1032701, 727
692000, 1063020, 824
692500, 1037185, 721
693000, 1012423, 626
693500, 1039568, 1337
694000, 1045275, 706
694500, 1138335, 779
695000, 1039956, 1402
695500, 1027693, 671
696000, 1040213, 774
696500, 1059514, 730
697000, 1041251, 853
697500, 1027982, 1342
698000, 1059170, 691
698500, 1033010, 664
699000, 1736462, 890
699500, 1028733, 656
700000, 1043056, 720
700500, 1058682, 722
701000, 1063527, 772
701500, 1071713, 722
702000, 1049910, 760
702500, 1033397, 659
703000, 1038418, 904
703500, 1081168, 711
704000, 1055732, 671
704500, 1064856, 1154
705000, 1026579, 652
705500, 1043875, 669
706000, 1094844, 748
706500, 1057637, 746
707000, 1066722, 738
707500, 1148635, 1483
708000, 1131359, 797
708500, 1068614, 807
709000, 1064378, 1109
709500, 1064824, 630
710000, 1051378, 713
710500, 1146244, 757
711000, 1071454, 989
711500, 1066050, 1886
712000, 1069674, 909
712500, 1098893, 828
713000, 1623868, 789
713500, 1054135, 683
714000, 1083993, 733
714500, 1105627, 1915
715000, 1084311, 1093
715500, 1063018, 940
716000, 1071129, 831
716500, 1073841, 945
717000, 1086095, 842
717500, 1064830, 709
718000, 1078107, 987
718500, 1121511, 707
719000, 1090854, 807
719500, 1082478, 722
720000, 1098280, 654
720500, 1107140, 810
721000, 1069687, 765
721500, 1163401, 796
722000, 1070410, 878
722500, 1066797, 760
723000, 1111335, 1648
723500, 1116378, 751
724000, 1107857, 943
724500, 1079202, 734
725000, 1082307, 1089
725500, 1085604, 706
726000, 1094888, 767
726500, 1089518, 727
727000, 1433139, 847
727500, 1097509, 868
728000, 1121587, 967
728500, 1096706, 1080
729000, 1070353, 725
729500, 1092135, 682
730000, 1108540, 856
730500, 1221037, 741
731000, 1079815, 722
731500, 1087090, 700
732000, 1112250, 737
732500, 1116059, 771
733000, 1099878, 737
733500, 1110389, 3477
734000, 1085527, 821
734500, 1112824, 759
735000, 1198279, 835
735500, 1097726, 780
736000, 1111473, 755
736500, 1120644, 780
737000, 1131976, 962
737500, 1105961, 1350
738000, 1094581, 739
738500, 1110757, 741
739000, 1117768, 958
739500, 1146062, 760
740000, 1102865, 1188
740500, 1584283, 1148
741000, 1128366, 734
741500, 1159563, 814
742000, 1140754, 789
742500, 1090367, 981
743000, 1106527, 820
743500, 1234834, 677
744000, 1122806, 915
744500, 1119135, 830
745000, 1140347, 6743
745500, 1179054, 799
746000, 1134352, 835
746500, 1114028, 727
747000, 1117257, 865
747500, 1137680, 789
748000, 1118780, 1221
748500, 1093131, 958
749000, 1123366, 791
749500, 1178333, 974
750000, 1212721, 929
750500, 1129310, 999
751000, 1113854, 851
751500, 1109059, 1089
752000, 1156579, 1264
752500, 1122450, 925
753000, 1134879, 712
753500, 1128152, 796
754000, 1125811, 943
754500, 1240515, 842
755000, 1123107, 802
755500, 1144832, 760
756000, 1544433, 847
756500, 1139540, 797
757000, 1126569, 759
757500, 1120664, 742
758000, 1190634, 903
758500, 1236459, 845
759000, 1131469, 1813
759500, 1105302, 754
760000, 1140556, 768
760500, 1186243, 906
761000, 1139431, 774
761500, 1128602, 842
762000, 1142398, 776
762500, 1191133, 778
763000, 1119593, 1719
763500, 1130599, 684
764000, 1127171, 686
764500, 1131343, 2128
765000, 1216036, 1140
765500, 1163201, 910
766000, 1149559, 1091
766500, 1160619, 1101
767000, 1213694, 1178
767500, 1139111, 705
768000, 1139098, 955
768500, 1146944, 1316
769000, 1209033, 935
769500, 1152331, 852
770000, 1603766, 883
770500, 1131098, 730
771000, 1180998, 948
771500, 1157227, 810
772000, 1153861, 1054
772500, 1151955, 1135
773000, 1179241, 839
773500, 1172181, 805
774000, 1165465, 786
774500, 1148095, 1020
775000, 1175167, 1195
775500, 1157516, 727
776000, 1152774, 708
776500, 1146358, 1363
777000, 1170461, 833
777500, 1239922, 819
778000, 1182284, 996
778500, 1153846, 1025
779000, 1160017, 815
779500, 1185166, 935
780000, 1168859, 928
780500, 1138516, 665
781000, 1160726, 777
781500, 1195968, 1164
782000, 1153289, 813
782500, 1153384, 799
783000, 1158138, 1179
783500, 1202826, 1159
784000, 1169077, 747
784500, 1171457, 686
785000, 1174587, 698
785500, 1162299, 1799
786000, 1796958, 873
786500, 1179978, 780
787000, 1176099, 749
787500, 1186726, 1433
788000, 1216669, 702
788500, 1180739, 1062
789000, 1165865, 778
789500, 1206692, 814
790000, 1212248, 1019
790500, 1174085, 796
791000, 1191813, 971
791500, 1174400, 949
792000, 1267958, 1200
792500, 1173853, 783
793000, 1203342, 1392
793500, 1202493, 772
794000, 1260643, 1159
794500, 1194765, 740
795000, 1210640, 774
795500, 1191497, 816
796000, 1252190, 814
796500, 1167569, 924
797000, 1180675, 768
797500, 1191395, 824
798000, 1222980, 861
798500, 1179463, 826
799000, 1183737, 734
799500, 1720147, 1315
800000, 1230498, 886
800500, 1223343, 879
801000, 1175550, 738
801500, 1190181, 897
802000, 1232973, 796
802500, 1208095, 786
803000, 1202503, 762
803500, 1217801, 874
804000, 1294099, 705
804500, 1208065, 818
805000, 1198038, 1040
805500, 1197260, 1231
806000, 1422053, 751
806500, 1181475, 816
807000, 1237885, 738
807500, 1208958, 900
808000, 1380877, 846
808500, 1166816, 620
809000, 1202595, 893
809500, 1198512, 822
810000, 1314437, 847
810500, 1194447, 937
811000, 1205988, 749
811500, 1206830, 828
812000, 1364382, 815
812500, 1201987, 703
813000, 1547052, 1597
813500, 1227018, 780
814000, 1234444, 901
814500, 1203642, 2436
815000, 1216397, 841
815500, 1238228, 762
816000, 1212961, 905
816500, 1204179, 1163
817000, 1196347, 773
817500, 1212054, 1936
818000, 1288705, 821
818500, 1214639, 974
819000, 1223001, 1499
819500, 1244038, 1051
820000, 1302265, 770
820500, 1205426, 790
821000, 1222879, 1124
821500, 1246150, 815
822000, 1321076, 1629
822500, 1209611, 685
823000, 1208221, 738
823500, 1247196, 914
824000, 1247020, 975
824500, 1233083, 1090
825000, 1212002, 710
825500, 1231890, 824
826000, 1269846, 966
826500, 1216273, 767
827000, 1914935, 866
827500, 1268336, 812
828000, 1228674, 718
828500, 1241995, 740
829000, 1247417, 747
829500, 1327368, 964
830000, 1234396, 1112
830500, 1230675, 743
831000, 1269087, 799
831500, 1307810, 1132
832000, 1236255, 798
832500, 1255430, 1032
833000, 1246338, 742
833500, 1302299, 913
834000, 1255437, 802
834500, 1240244, 1770
835000, 1240405, 933
835500, 1330689, 953
836000, 1284124, 866
836500, 1248939, 806
837000, 1229256, 853
837500, 1310134, 810
838000, 1242476, 820
838500, 1244638, 776
839000, 1278496, 915
839500, 1310907, 1160
840000, 1242072, 789
840500, 1765887, 844
841000, 1276822, 751
841500, 1243985, 1603
842000, 1253101, 738
842500, 1259622, 804
843000, 1301482, 1045
843500, 1281507, 836
844000, 1256105, 762
844500, 1278341, 830
845000, 1352932, 839
845500, 1255584, 916
846000, 1301882, 821
846500, 1275454, 752
847000, 1355351, 983
847500, 1244361, 732
848000, 1281600, 760
848500, 1293914, 1061
849000, 1315547, 817
849500, 1273268, 799
850000, 1276585, 911
850500, 1294565, 1009
851000, 1244485, 775
851500, 1311276, 1059
852000, 1314338, 998
852500, 1278660, 1255
853000, 1260304, 1001
853500, 1266842, 783
854000, 1283064, 736
854500, 1310221, 882
855000, 1305380, 885
855500, 1721341, 948
856000, 1274794, 889
856500, 1312214, 753
857000, 1237085, 686
857500, 1267807, 2924
858000, 1277933, 1115
858500, 1293888, 797
859000, 1288468, 833
859500, 1287986, 784
860000, 1309557, 1372
860500, 1307832, 820
861000, 1281920, 891
861500, 1273427, 914
862000, 1293256, 1265
862500, 1295918, 768
863000, 1297525, 819
863500, 1283301, 778
864000, 1383576, 887
864500, 1277883, 801
865000, 1298539, 851
865500, 1310794, 851
866000, 1288923, 851
866500, 1313533, 880
867000, 1281913, 814
867500, 1358415, 839
868000, 1306838, 766
868500, 1296273, 909
869000, 1559997, 1604
869500, 1508199, 841
870000, 1268202, 742
870500, 1283264, 799
871000, 1303974, 1272
871500, 1423655, 835
872000, 1282946, 786
872500, 1298929, 1975
873000, 1321246, 1186
873500, 1287889, 702
874000, 1286817, 865
874500, 1286352, 790
875000, 1353860, 1210
875500, 1310351, 808
876000, 1395621, 781
876500, 1286825, 701
877000, 1386295, 993
877500, 1285594, 1296
878000, 1312670, 813
878500, 1323203, 805
879000, 1328354, 808
879500, 1302660, 722
880000, 1313430, 1027
880500, 1321188, 1705
881000, 1305040, 777
881500, 1288921, 731
882000, 1308847, 779
882500, 1319000, 1014
883000, 1949381, 1043
883500, 1293836, 740
884000, 1356776, 796
884500, 1341358, 885
885000, 1282319, 751
885500, 1320282, 843
886000, 1348651, 948
886500, 1320039, 803
887000, 1349194, 1311
887500, 1312975, 756
888000, 1410367, 854
888500, 1304635, 767
889000, 1316924, 733
889500, 1321948, 949
890000, 1359848, 1038
890500, 1301587, 822
891000, 1349030, 1300
891500, 1331865, 753
892000, 1321198, 815
892500, 1319550, 1350
893000, 1328559, 761
893500, 1350189, 1235
894000, 1312159, 719
894500, 1363129, 704
895000, 1304814, 687
895500, 1417762, 854
896000, 1325459, 864
896500, 1811339, 1093
897000, 1345827, 916
897500, 1316861, 684
898000, 1343709, 786
898500, 1317161, 810
899000, 1440340, 830
899500, 1327586, 788
900000, 1345845, 1081
900500, 1384886, 853
901000, 1305847, 688
901500, 1342923, 808
902000, 1340575, 866
902500, 1358188, 829
903000, 1362182, 1155
903500, 1313227, 764
904000, 1335180, 1181
904500, 1371223, 930
905000, 1329924, 735
905500, 1379268, 947
906000, 1384651, 633
906500, 1314497, 711
907000, 1342643, 810
907500, 1348759, 828
908000, 1375908, 820
908500, 1328221, 1389
909000, 1347592, 724
909500, 1333226, 796
910000, 1445196, 868
910500, 1324720, 773
911000, 1376440, 888
911500, 1852002, 1024
912000, 1338602, 737
912500, 1320040, 672
913000, 1366984, 775
913500, 1381869, 1046
914000, 1354160, 1006
914500, 1412917, 869
915000, 1520222, 996
915500, 1395676, 828
916000, 1364246, 882
916500, 1386004, 3282
917000, 1357531, 746
917500, 1441620, 1166
918000, 1632670, 1057
918500, 1784546, 1811
919000, 1716852, 1829
919500, 1720558, 1093
920000, 1437094, 861
920500, 1376428, 746
921000, 1382992, 886
921500, 1407136, 925
922000, 1999463, 1431
922500, 1875681, 1698
923000, 1561325, 988
923500, 1364444, 717
924000, 1393097, 1484
924500, 1375158, 1081
925000, 1347885, 651
925500, 1355102, 753
926000, 1471038, 944
926500, 1362298, 708
927000, 1386362, 794
927500, 1410767, 777
928000, 1384534, 1060
928500, 1364652, 812
929000, 1356964, 872
929500, 1441397, 848
930000, 1356307, 721
930500, 1412892, 837
931000, 1356351, 697
931500, 1390062, 920
932000, 1341989, 1634
932500, 1376643, 822
933000, 1433001, 872
933500, 1381417, 765
934000, 1390623, 784
934500, 1376377, 1088
935000, 1503856, 801
935500, 1456529, 736
936000, 1351883, 704
936500, 1470255, 784
937000, 1480320, 794
937500, 1487333, 752
938000, 1373029, 775
938500, 1412765, 859
939000, 1359903, 881
939500, 1387080, 801
940000, 1475962, 925
940500, 1368502, 688
941000, 1495543, 856
941500, 1555639, 733
942000, 1592535, 1194
942500, 1534123, 1106
943000, 1811771, 1843
943500, 1568665, 899
944000, 1551746, 954
944500, 1576856, 3000
945000, 1386898, 706
945500, 1384662, 809
946000, 1371381, 699
946500, 1462505, 1450
947000, 1376861, 1303
947500, 1392625, 851
948000, 1422586, 719
948500, 1443646, 760
949000, 1413362, 755
949500, 1418766, 781
950000, 1464802, 860
950500, 1708150, 691
951000, 1539153, 890
951500, 1406296, 684
952000, 1433455, 738
952500, 1424788, 814
953000, 1442452, 881
953500, 1388071, 748
954000, 1410296, 917
954500, 1391677, 708
955000, 1489464, 964
955500, 1413876, 713
956000, 1424853, 700
956500, 1425845, 739
957000, 1442649, 900
957500, 1424530, 949
958000, 1406615, 838
958500, 1580703, 843
959000, 1394465, 765
959500, 1420766, 934
960000, 1435150, 801
960500, 1412718, 785
961000, 1412961, 985
961500, 1416489, 815
962000, 1462039, 754
962500, 1411028, 734
963000, 1415558, 759
963500, 1462148, 925
964000, 1420772, 814
964500, 1420308, 784
965000, 1682779, 938
965500, 1405449, 972
966000, 1419406, 1186
966500, 1438737, 730
967000, 1502961, 1045
967500, 1427539, 748
968000, 1421656, 754
968500, 1478714, 2245
969000, 1429383, 665
969500, 1449875, 796
970000, 1500293, 1842
970500, 1473353, 733
971000, 1408822, 666
971500, 1412729, 883
972000, 1488070, 865
972500, 1434330, 786
973000, 1438805, 791
973500, 1440707, 1790
974000, 1481611, 742
974500, 1422990, 757
975000, 1475868, 867
975500, 1511620, 856
976000, 1434260, 913
976500, 1429393, 712
977000, 1452938, 768
977500, 1438707, 750
978000, 1433340, 810
978500, 1996805, 896
979000, 1438260, 707
979500, 1451737, 808
980000, 1433201, 786
980500, 1556250, 1114
981000, 1424844, 3138
981500, 1428158, 709
982000, 1474722, 781
982500, 1435409, 771
983000, 1429405, 740
983500, 1521180, 863
984000, 1473109, 796
984500, 1448421, 677
985000, 1441572, 981
985500, 1538494, 977
986000, 1453936, 834
986500, 1448519, 840
987000, 1486272, 814
987500, 1466544, 688
988000, 1459453, 736
988500, 1462436, 845
989000, 1520364, 793
989500, 1506499, 979
990000, 1513035, 920
990500, 1570308, 772
991000, 2146687, 794
991500, 1478266, 826
992000, 1529200, 817
992500, 1440494, 873
993000, 1450800, 725
993500, 1517364, 808
994000, 1438372, 740
994500, 1464403, 698
995000, 1508684, 838
995500, 1446571, 671
996000, 1484564, 685
996500, 1529405, 691
997000, 1484942, 789
997500, 1473385, 726
998000, 1458978, 763
998500, 1544294, 740
999000, 1478593, 720
999500, 1475780, 737
1000000, 1503959, 744
500, 2601, 141
1000, 4059, 161
1500, 4917, 250
2000, 6388, 162
2500, 7790, 188
3000, 9545, 163
3500, 11412, 186
4000, 13667, 384
4500, 16735, 208
5000, 16249, 186
5500, 17028, 207
6000, 17916, 249
6500, 24186, 197
7000, 28124, 230
7500, 22290, 163
8000, 23167, 165
8500, 29651, 369
9000, 28003, 320
9500, 28999, 217
10000, 30066, 232
10500, 39863, 228
11000, 34693, 287
11500, 35809, 249
12000, 38162, 268
12500, 43499, 261
13000, 38719, 213
13500, 43376, 447
14000, 42844, 328
14500, 43924, 365
15000, 49156, 279
15500, 46664, 243
16000, 46864, 212
16500, 54331, 308
17000, 50252, 240
17500, 60561, 291
18000, 52186, 341
18500, 59048, 218
19000, 62241, 312
19500, 57643, 254
20000, 70956, 303
20500, 60175, 272
21000, 75139, 304
21500, 64988, 217
22000, 74218, 314
22500, 66123, 260
23000, 70611, 247
23500, 78672, 308
24000, 68344, 187
24500, 93041, 352
25000, 71493, 187
25500, 89620, 369
26000, 79000, 201
26500, 78197, 308
27000, 88012, 464
27500, 79568, 213
28000, 89792, 322
28500, 85792, 234
29000, 91015, 290
29500, 92727, 336
30000, 87327, 214
30500, 109665, 457
31000, 116165, 381
31500, 105856, 286
32000, 97091, 234
32500, 105258, 361
33000, 196841, 358
33500, 143160, 408
34000, 116974, 408
34500, 118906, 316
35000, 107434, 238
35500, 101376, 204
36000, 114317, 333
36500, 132523, 502
37000, 136006, 528
37500, 126530, 442
38000, 114654, 252
38500, 117052, 257
39000, 117798, 306
39500, 136509, 422
40000, 126022, 471
40500, 141768, 549
41000, 182423, 437
41500, 491503, 435
42000, 143599, 343
42500, 137051, 410
43000, 131872, 272
43500, 132653, 418
44000, 133445, 349
44500, 133066, 225
45000, 170222, 416
45500, 150129, 462
46000, 228777, 373
46500, 163703, 358
47000, 150317, 430
47500, 171516, 702
48000, 177689, 383
48500, 165050, 408
49000, 156682, 550
49500, 159576, 389
50000, 165075, 419
50500, 167992, 541
51000, 168966, 350
51500, 179059, 296
52000, 172075, 340
52500, 168016, 354
53000, 166416, 404
53500, 173487, 432
54000, 169993, 347
54500, 171898, 382
55000, 179208, 391
55500, 178968, 405
56000, 177322, 545
56500, 177376, 371
57000, 182248, 408
57500, 180812, 366
58000, 186658, 356
58500, 190121, 364
59000, 188795, 387
59500, 235937, 1110
60000, 186846, 423
60500, 186983, 400
61000, 213849, 488
61500, 201910, 421
62000, 195481, 2084
62500, 206361, 484
63000, 204890, 406
63500, 192024, 365
64000, 209660, 642
64500, 201376, 335
65000, 215827, 374
65500, 218251, 668
66000, 200378, 433
66500, 206044, 369
67000, 224423, 488
67500, 206510, 332
68000, 222876, 384
68500, 213903, 341
69000, 211836, 695
69500, 245185, 472
70000, 307720, 477
70500, 224053, 370
71000, 233091, 418
71500, 216541, 817
72000, 236291, 419
72500, 233843, 429
73000, 248256, 793
73500, 228108, 337
74000, 256596, 546
74500, 233375, 305
75000, 257300, 464
75500, 229802, 358
76000, 254506, 524
76500, 233784, 354
77000, 242745, 405
77500, 254932, 539
78000, 238518, 536
78500, 262355, 472
79000, 243120, 314
79500, 362302, 382
80000, 254159, 470
80500, 244655, 406
81000, 271048, 472
81500, 276715, 550
82000, 258247, 421
82500, 276589, 826
83000, 289616, 591
83500, 261796, 290
84000, 253270, 408
84500, 284553, 750
85000, 277530, 475
85500, 257571, 421
86000, 260122, 405
86500, 285091, 613
87000, 285549, 511
87500, 284243, 414
88000, 340355, 483
88500, 301598, 500
89000, 269319, 600
89500, 269828, 360
90000, 288299, 460
90500, 295255, 740
91000, 299146, 570
91500, 304422, 541
92000, 296843, 609
92500, 299548, 424
93000, 280942, 378
93500, 290046, 388
94000, 283324, 407
94500, 290570, 518
95000, 289734, 391
95500, 326936, 594
96000, 416146, 641
96500, 285928, 325
97000, 302297, 395
97500, 302221, 772
98000, 311922, 1205
98500, 336687, 734
99000, 321997, 622
99500, 314501, 469
100000, 315453, 501
100500, 312837, 481
101000, 334002, 689
101500, 319826, 1565
102000, 336207, 407
102500, 328334, 499
103000, 437143, 570
103500, 312220, 457
104000, 313156, 335
104500, 321404, 412
105000, 322567, 466
105500, 639211, 832
106000, 517245, 398
106500, 342810, 454
107000, 349489, 1371
107500, 352694, 618
108000, 361395, 464
108500, 353317, 455
109000, 423827, 695
109500, 338792, 459
110000, 358795, 542
110500, 369496, 686
111000, 359186, 534
111500, 365130, 700
112000, 377173, 450
112500, 352175, 552
113000, 349861, 502
113500, 362532, 494
114000, 475538, 671
114500, 397070, 515
115000, 462607, 638
115500, 366019, 477
116000, 366474, 489
116500, 378646, 1046
117000, 362483, 386
117500, 372945, 401
118000, 391576, 1121
118500, 372875, 1402
119000, 375965, 497
119500, 391086, 506
120000, 377072, 934
120500, 412711, 607
121000, 394260, 447
121500, 440308, 541
122000, 398012, 415
122500, 388344, 417
123000, 401539, 450
123500, 384471, 510
124000, 414403, 544
124500, 380834, 417
125000, 420968, 607
125500, 383902, 558
126000, 412596, 740
126500, 427354, 713
127000, 459743, 628
127500, 408753, 550
128000, 411900, 2603
128500, 393461, 374
129000, 428250, 850
129500, 405799, 4193
130000, 426295, 463
130500, 418221, 588
131000, 404773, 401
131500, 427126, 567
132000, 413397, 567
132500, 461800, 537
133000, 521271, 775
133500, 412447, 636
134000, 430876, 531
134500, 426175, 530
135000, 418697, 420
135500, 462916, 502
136000, 438001, 584
136500, 417031, 431
137000, 419303, 457
137500, 446365, 645
138000, 481372, 758
138500, 496566, 608
139000, 427046, 419
139500, 459207, 693
140000, 448199, 532
140500, 447544, 533
141000, 433454, 430
141500, 437733, 637
142000, 463480, 546
142500, 458449, 657
143000, 461998, 518
143500, 472528, 677
144000, 474249, 523
144500, 439667, 399
145000, 460856, 689
145500, 453025, 533
146000, 469169, 696
146500, 472716, 510
147000, 471006, 528
147500, 475051, 556
148000, 482355, 571
148500, 512072, 507
149000, 486642, 1573
149500, 485894, 668
150000, 471221, 6451
150500, 492400, 1075
151000, 489204, 632
151500, 483647, 574
152000, 484393, 569
152500, 491453, 381
153000, 490547, 872
153500, 551413, 793
154000, 492570, 644
154500, 487723, 569
155000, 497712, 1282
155500, 827946, 559
156000, 560964, 741
156500, 482215, 573
157000, 495138, 622
157500, 488423, 603
158000, 560864, 656
158500, 476724, 439
159000, 498750, 1212
159500, 489788, 520
160000, 489383, 521
160500, 519584, 618
161000, 505222, 671
161500, 482875, 517
162000, 496043, 528
162500, 533568, 660
163000, 525052, 648
163500, 499771, 577
164000, 495650, 404
164500, 545698, 939
165000, 513192, 518
165500, 506154, 491
166000, 506424, 544
166500, 532946, 607
167000, 518055, 560
167500, 570841, 643
168000, 520255, 1101
168500, 512150, 508
169000, 523573, 694
169500, 513850, 656
170000, 524151, 738
170500, 523582, 572
171000, 515117, 480
171500, 531954, 577
172000, 577017, 686
172500, 516260, 682
173000, 540128, 681
173500, 529678, 473
174000, 532315, 822
174500, 554924, 756
175000, 528973, 583
175500, 537620, 825
176000, 553587, 685
176500, 680902, 1030
177000, 547246, 570
177500, 550537, 670
178000, 540261, 818
178500, 541687, 485
179000, 574566, 728
179500, 550646, 596
180000, 553978, 685
180500, 583870, 688
181000, 582921, 695
181500, 569052, 626
182000, 553708, 476
182500, 728122, 927
183000, 720863, 958
183500, 566480, 645
184000, 561910, 518
184500, 626374, 826
185000, 604413, 662
185500, 569105, 692
186000, 590458, 614
186500, 574885, 556
187000, 575068, 849
187500, 589580, 616
188000, 574533, 573
188500, 638668, 859
189000, 600314, 786
189500, 615792, 701
190000, 582203, 553
190500, 575175, 462
191000, 586604, 933
191500, 579436, 849
192000, 588891, 560
192500, 632413, 894
193000, 618942, 642
193500, 597262, 684
194000, 612624, 888
194500, 581990, 527
195000, 618580, 762
195500, 603490, 632
196000, 608838, 589
196500, 629245, 728
197000, 608805, 614
197500, 595836, 600
198000, 602433, 939
198500, 607544, 479
199000, 622561, 555
199500, 615606, 621
200000, 607756, 530
200500, 656825, 719
201000, 619548, 543
201500, 616901, 925
202000, 597605, 400
202500, 631218, 1862
203000, 615035, 1264
203500, 631628, 762
204000, 614497, 552
204500, 684863, 645
205000, 611629, 521
205500, 638080, 654
206000, 632861, 610
206500, 638340, 708
207000, 937962, 688
207500, 769457, 822
208000, 687233, 6804
208500, 637530, 525
209000, 649844, 566
209500, 647612, 5876
210000, 651366, 533
210500, 653364, 815
211000, 653716, 618
211500, 776986, 941
212000, 663061, 607
212500, 693108, 895
213000, 667709, 786
213500, 652054, 910
214000, 657028, 747
214500, 653678, 611
215000, 732263, 854
215500, 665357, 590
216000, 657490, 511
216500, 688093, 818
217000, 661727, 575
217500, 670410, 797
218000, 671866, 658
218500, 668154, 625
219000, 816999, 744
219500, 665472, 985
220000, 672455, 720
220500, 678468, 703
221000, 678929, 653
221500, 681407, 724
222000, 689185, 516
222500, 717846, 735
223000, 696821, 568
223500, 681540, 851
224000, 1243359, 777
224500, 687695, 635
225000, 674413, 533
225500, 741326, 678
226000, 687131, 554
226500, 679643, 551
227000, 708500, 590
227500, 696865, 809
228000, 698366, 686
228500, 698707, 557
229000, 731220, 780
229500, 695918, 633
230000, 703653, 543
230500, 697739, 577
231000, 695427, 561
231500, 724908, 600
232000, 713433, 870
232500, 779735, 878
233000, 714739, 721
233500, 742129, 646
234000, 718052, 596
234500, 715507, 467
235000, 713526, 572
235500, 772610, 702
236000, 717544, 1793
236500, 745825, 763
237000, 732828, 1929
237500, 717523, 566
238000, 721814, 1478
238500, 736449, 562
239000, 781871, 608
239500, 739854, 665
240000, 1038196, 629
240500, 922507, 532
241000, 726872, 543
241500, 768253, 651
242000, 731507, 830
242500, 738882, 623
243000, 722817, 584
243500, 732799, 620
244000, 735986, 681
244500, 753029, 459
245000, 807340, 756
245500, 867495, 683
246000, 754128, 573
246500, 754056, 562
247000, 739373, 591
247500, 778578, 571
248000, 872659, 688
248500, 756242, 1127
249000, 777585, 643
249500, 768828, 713
250000, 754625, 583
250500, 767340, 749
251000, 853011, 732
251500, 762103, 556
252000, 774944, 706
252500, 785829, 618
253000, 760899, 480
253500, 780275, 640
254000, 1521186, 702
254500, 987252, 557
255000, 794560, 682
255500, 773196, 665
256000, 770980, 662
256500, 793472, 616
257000, 832492, 699
257500, 777996, 682
258000, 790809, 586
258500, 790105, 548
259000, 883631, 722
259500, 784410, 792
260000, 860466, 843
260500, 781302, 715
261000, 786442, 900
261500, 784970, 844
262000, 799155, 521
262500, 795793, 660
263000, 857419, 758
263500, 814391, 705
264000, 801843, 725
264500, 802644, 823
265000, 801888, 717
265500, 804013, 600
266000, 1560020, 911
266500, 813730, 648
267000, 808422, 660
267500, 832734, 868
268000, 839441, 862
268500, 949913, 1018
269000, 828891, 719
269500, 823134, 777
270000, 854784, 890
270500, 831940, 599
271000, 828357, 594
271500, 893038, 791
272000, 837739, 614
272500, 822695, 710
273000, 835943, 607
273500, 835113, 581
274000, 845812, 660
274500, 923487, 7327
275000, 849303, 868
275500, 835749, 656
276000, 844946, 559
276500, 861168, 705
277000, 903330, 752
277500, 1202318, 799
278000, 852544, 694
278500, 870271, 628
279000, 852335, 817
279500, 847365, 603
280000, 910016, 749
280500, 850414, 640
281000, 890856, 820
281500, 876080, 680
282000, 854467, 681
282500, 870659, 918
283000, 923135, 677
283500, 867595, 859
284000, 862818, 618
284500, 889021, 665
285000, 871472, 750
285500, 893108, 1020
286000, 861730, 651
286500, 872604, 659
287000, 907439, 761
287500, 865323, 523
288000, 891223, 746
288500, 987741, 570
289000, 880544, 708
289500, 870036, 598
290000, 894152, 688
290500, 1381734, 882
291000, 922575, 1124
291500, 898363, 674
292000, 876195, 597
292500, 913042, 762
293000, 888175, 615
293500, 935043, 780
294000, 899691, 748
294500, 896422, 654
295000, 894577, 596
295500, 903682, 617
296000, 936715, 841
296500, 885307, 611
297000, 891576, 766
297500, 910648, 619
298000, 896869, 638
298500, 902847, 748
299000, 955076, 680
299500, 907144, 592
300000, 908541, 751
300500, 915245, 665
301000, 904754, 654
301500, 951524, 770
302000, 1521281, 785
302500, 1149337, 719
303000, 911941, 656
303500, 939941, 664
304000, 982899, 665
304500, 926297, 620
305000, 928929, 640
305500, 918756, 565
306000, 943854, 1035
306500, 987778, 832
307000, 936680, 589
307500, 923862, 761
308000, 930172, 734
308500, 930605, 1108
309000, 999881, 915
309500, 928379, 579
310000, 938427, 589
310500, 951108, 649
311000, 943565, 650
311500, 1080027, 1101
312000, 961508, 702
312500, 936946, 582
313000, 937463, 604
313500, 939907, 583
314000, 985125, 860
314500, 955156, 713
315000, 950426, 556
315500, 1089958, 880
316000, 1049684, 678
316500, 971403, 596
317000, 962564, 652
317500, 974015, 992
318000, 974875, 670
318500, 978996, 652
319000, 1008961, 668
319500, 972608, 532
320000, 957903, 612
320500, 967483, 726
321000, 959523, 632
321500, 993420, 720
322000, 991055, 541
322500, 991357, 599
323000, 967074, 523
323500, 988633, 815
324000, 1039212, 674
324500, 992972, 564
325000, 968718, 686
325500, 1016542, 547
326000, 982455, 596
326500, 1044303, 705
327000, 1001102, 598
327500, 973619, 588
328000, 982536, 685
328500, 997562, 611
329000, 1587341, 767
329500, 997165, 655
330000, 1000142, 781
330500, 986489, 563
331000, 1046980, 738
331500, 1005089, 569
332000, 993399, 615
332500, 1005003, 676
333000, 1009987, 598
333500, 1047862, 974
334000, 1010928, 671
334500, 995630, 744
335000, 1016586, 574
335500, 1017229, 541
336000, 1074244, 669
336500, 1011045, 611
337000, 1011020, 546
337500, 1004546, 692
338000, 1015550, 854
338500, 1040549, 687
339000, 1028172, 662
339500, 1004480, 541
340000, 1009310, 570
340500, 1019642, 591
341000, 1088759, 794
341500, 1024375, 1070
342000, 1062326, 692
342500, 1024197, 713
343000, 1684758, 933
343500, 1043715, 653
344000, 1025177, 618
344500, 1042289, 546
345000, 1044088, 580
345500, 1081633, 780
346000, 1039859, 535
346500, 1050676, 763
347000, 1069262, 704
347500, 1128943, 713
348000, 1060624, 600
348500, 1056952, 743
349000, 1042014, 738
349500, 1051451, 614
350000, 1074550, 908
350500, 1056445, 702
351000, 1061613, 671
351500, 1059319, 743
352000, 1101927, 622
352500, 1158344, 520
353000, 1064485, 711
353500, 1048923, 570
354000, 1054318, 554
354500, 1110585, 633
355000, 1091990, 641
355500, 1066808, 608
356000, 1507896, 923
356500, 1096779, 696
357000, 1105127, 750
357500, 1063632, 565
358000, 1073987, 585
358500, 1077770, 783
359000, 1132459, 708
359500, 1068859, 609
360000, 1064357, 538
360500, 1095485, 850
361000, 1098890, 664
361500, 1146148, 655
362000, 1093567, 594
362500, 1074863, 507
363000, 1101390, 655
363500, 1137543, 1015
364000, 1102086, 832
364500, 1087398, 590
365000, 1087043, 612
365500, 1107465, 672
366000, 1114177, 558
366500, 1088427, 617
367000, 1120944, 774
367500, 1578353, 840
368000, 1157013, 774
368500, 1093329, 560
369000, 1120809, 615
369500, 1119698, 512
370000, 1146655, 962
370500, 1112492, 2730
371000, 1112542, 505
371500, 1101615, 667
372000, 1134482, 938
372500, 1152625, 753
373000, 1138120, 674
373500, 1128836, 660
374000, 1175797, 654
374500, 1205978, 570
375000, 1118394, 652
375500, 1131889, 567
376000, 1124258, 559
376500, 1163511, 706
377000, 1134905, 588
377500, 1139054, 781
378000, 1120781, 588
378500, 1899149, 3264
379000, 1114306, 751
379500, 1141121, 544
380000, 1143176, 544
380500, 1177894, 797
381000, 1162540, 671
381500, 1149263, 941
382000, 1144332, 609
382500, 1166716, 5514
383000, 1171922, 597
383500, 1154591, 565
384000, 1139377, 654
384500, 1156573, 640
385000, 1225115, 902
385500, 1152985, 615
386000, 1158365, 609
386500, 1233342, 1105
387000, 1290811, 1555
387500, 1164528, 639
388000, 1152518, 969
388500, 1187417, 614
389000, 1305951, 616
389500, 1666056, 809
390000, 1156789, 580
390500, 1176647, 645
391000, 1253216, 663
391500, 1197346, 698
392000, 1184598, 699
392500, 1175194, 779
393000, 1232521, 844
393500, 1187421, 494
394000, 1188551, 591
394500, 1200933, 660
395000, 1219223, 783
395500, 1158601, 604
396000, 1180949, 611
396500, 1184440, 630
397000, 1224957, 801
397500, 1195349, 631
398000, 1199094, 613
398500, 1196047, 654
399000, 1255954, 729
399500, 1204446, 586
400000, 1223251, 790
400500, 1644809, 947
401000, 1290230, 753
401500, 1193918, 937
402000, 1223325, 620
402500, 1194051, 603
403000, 1253102, 773
403500, 1207007, 646
404000, 1330694, 567
404500, 1192617, 657
405000, 1254310, 661
405500, 1234673, 739
406000, 1204860, 783
406500, 1211916, 686
407000, 1234133, 653
407500, 1235802, 669
408000, 1202664, 591
408500, 1225279, 688
409000, 1275396, 819
409500, 1226017, 624
410000, 1229715, 676
410500, 1231022, 696
411000, 1283533, 718
411500, 1235737, 1549
412000, 1209712, 677
412500, 1241027, 921
413000, 1258564, 784
413500, 2049044, 549
414000, 1256678, 606
414500, 1275935, 733
415000, 1250089, 682
415500, 1235141, 617
416000, 1277827, 671
416500, 1289715, 695
417000, 1251880, 789
417500, 1261117, 575
418000, 1270975, 803
418500, 1275437, 681
419000, 1264423, 792
419500, 1255186, 1010
420000, 1242975, 689
420500, 1297703, 1109
421000, 1259323, 663
421500, 1256488, 649
422000, 1235679, 531
422500, 1379490, 975
423000, 1245452, 534
423500, 1279769, 760
424000, 1270084, 621
424500, 2086889, 683
425000, 1269491, 491
425500, 1254472, 645
426000, 1302512, 733
426500, 1288761, 644
427000, 1276721, 688
427500, 1295294, 702
428000, 1345348, 752
428500, 1277725, 578
429000, 1271273, 880
429500, 1292040, 2757
430000, 1339339, 716
430500, 1308252, 1116
431000, 1258885, 487
431500, 1297755, 656
432000, 1385488, 696
432500, 1289533, 638
433000, 1324026, 630
433500, 1356254, 1778
434000, 1302073, 612
434500, 1296965, 543
435000, 1285758, 624
435500, 1330350, 834
436000, 1362254, 864
436500, 2060615, 1061
437000, 1345857, 689
437500, 1294192, 620
438000, 1318782, 515
438500, 1297541, 614
439000, 1394392, 740
439500, 1296036, 579
440000, 1344935, 1246
440500, 1302715, 1206
441000, 1420983, 1256
441500, 1320603, 857
442000, 1296429, 550
442500, 1517149, 657
443000, 1306202, 494
443500, 1320604, 600
444000, 1329174, 734
444500, 1421583, 701
445000, 1320222, 533
445500, 1327245, 578
446000, 1327669, 661
446500, 1384477, 699
447000, 1339697, 550
447500, 1334025, 571
448000, 1313921, 540
448500, 1461826, 576
449000, 1342347, 611
449500, 1491608, 679
450000, 1382620, 724
450500, 1312290, 491
451000, 1363237, 702
451500, 1352854, 618
452000, 1338510, 811
452500, 1372879, 630
453000, 1343901, 540
453500, 1375413, 793
454000, 1349815, 508
454500, 1353956, 530
455000, 1346829, 580
455500, 1608338, 769
456000, 1339051, 492
456500, 1351228, 709
457000, 1413299, 644
457500, 1339980, 492
458000, 1356655, 711
458500, 1348206, 617
459000, 1427275, 783
459500, 1389541, 627
460000, 1381122, 725
460500, 1401766, 1039
461000, 1376499, 540
461500, 1357537, 438
462000, 1822978, 783
462500, 1402758, 667
463000, 1364045, 658
463500, 1392975, 575
464000, 1413826, 647
464500, 1374559, 560
465000, 1381094, 653
465500, 1391729, 594
466000, 1426936, 706
466500, 1369276, 588
467000, 1402026, 726
467500, 1424235, 738
468000, 1401498, 642
468500, 1402531, 602
469000, 1405207, 564
469500, 1450223, 737
470000, 1364326, 686
470500, 1383746, 553
471000, 1428087, 775
471500, 1391194, 511
472000, 1401656, 543
472500, 1394124, 477
473000, 1452563, 670
473500, 1405677, 558
474000, 1760318, 602
474500, 1640841, 698
475000, 1382112, 507
475500, 1415944, 588
476000, 1451603, 646
476500, 1448807, 546
477000, 1402927, 930
477500, 1436616, 621
478000, 1446522, 662
478500, 1444087, 584
479000, 1397100, 481
479500, 1452001, 1302
480000, 1421177, 541
480500, 1432189, 727
481000, 1443199, 795
481500, 1468661, 618
482000, 1419536, 630
482500, 1446226, 840
483000, 1455377, 810
483500, 1447071, 668
484000, 1449196, 652
484500, 1469197, 662
485000, 2123340, 612
485500, 1632061, 636
486000, 1463908, 935
486500, 1457016, 656
487000, 1443911, 553
487500, 1439271, 588
488000, 1527094, 1311
488500, 1444985, 821
489000, 1436063, 606
489500, 1481016, 634
490000, 1457659, 679
490500, 1430558, 456
491000, 1516219, 812
491500, 1491363, 592
492000, 1460293, 1064
492500, 1462713, 564
493000, 1497354, 723
493500, 1444953, 508
494000, 1439917, 611
494500, 1477073, 649
495000, 1468005, 571
495500, 1472146, 786
496000, 1469657, 554
496500, 2213906, 773
497000, 1467347, 520
497500, 1544304, 610
498000, 1498795, 520
498500, 1468089, 582
499000, 1499936, 679
499500, 1524286, 868
500000, 1469358, 676
500500, 1475291, 552
501000, 1509418, 681
501500, 1536796, 590
502000, 1476531, 641
502500, 1508202, 684
503000, 1497137, 709
503500, 1516063, 982
504000, 1481376, 589
504500, 1579807, 523
505000, 1485645, 626
505500, 1505873, 676
506000, 1538638, 743
506500, 1846308, 1277
507000, 2008107, 1293
507500, 1777545, 1175
508000, 1575159, 1194
508500, 1572499, 962
509000, 1619938, 806
509500, 1563074, 1088
510000, 1745496, 3484
510500, 1635105, 848
511000, 1588079, 936
511500, 1677619, 934
512000, 1602700, 808
512500, 1688916, 1123
513000, 1762052, 959
513500, 1615914, 951
514000, 1696406, 905
514500, 1860796, 1046
515000, 1733260, 1104
515500, 1686459, 1132
516000, 1731972, 1155
516500, 1667711, 1008
517000, 1610730, 962
517500, 1737327, 2051
518000, 1666670, 895
518500, 1613696, 988
519000, 1733873, 1046
519500, 2277757, 1186
520000, 1881100, 1180
520500, 1678828, 1000
521000, 1609121, 819
521500, 1732998, 1310
522000, 1583373, 921
522500, 1639179, 1020
523000, 1652207, 810
523500, 1575575, 702
524000, 1620967, 756
524500, 1693171, 1046
525000, 1617325, 911
525500, 1614007, 870
526000, 1692497, 1115
526500, 1678485, 976
527000, 1641738, 681
527500, 1602861, 821
528000, 1557545, 696
528500, 1575168, 701
529000, 1591261, 734
529500, 1586809, 1006
530000, 1576398, 751
530500, 1631797, 737
531000, 1570884, 626
531500, 1790699, 680
532000, 1767186, 770
532500, 1585718, 648
533000, 1606297, 762
533500, 1607917, 1505
534000, 1565317, 552
534500, 1592852, 578
535000, 1592353, 602
535500, 1588375, 763
536000, 1600816, 937
536500, 1687171, 620
537000, 1593542, 780
537500, 1577293, 630
538000, 1623062, 669
538500, 1635672, 666
539000, 1603843, 632
539500, 1590807, 657
540000, 1689357, 812
540500, 1572926, 533
541000, 1606280, 514
541500, 1663993, 710
542000, 1633616, 2502
542500, 1620797, 635
543000, 1648226, 798
543500, 1598195, 737
544000, 2248418, 957
544500, 1790271, 668
545000, 1643759, 636
545500, 1645471, 713
546000, 1631174, 617
546500, 1703159, 610
547000, 1652523, 1094
547500, 1613471, 563
548000, 1621064, 622
548500, 1635217, 707
549000, 1652175, 581
549500, 1604827, 649
550000, 1662528, 679
550500, 1648317, 627
551000, 1671653, 833
551500, 1666111, 976
552000, 1644204, 593
552500, 1627732, 583
553000, 1721520, 659
553500, 1622745, 631
554000, 1624506, 600
554500, 2220180, 655
555000, 1754519, 655
555500, 1629261, 521
556000, 1690466, 881
556500, 1648058, 614
557000, 1657925, 747
557500, 1688023, 695
558000, 1645584, 628
558500, 1642796, 695
559000, 1670316, 697
559500, 1647663, 758
560000, 1729835, 839
560500, 1699736, 949
561000, 1666662, 610
561500, 1660566, 710
562000, 1692818, 838
562500, 1668342, 561
563000, 1673187, 606
563500, 1720801, 705
564000, 1654412, 698
564500, 1679156, 639
565000, 2496263, 768
565500, 1692039, 681
566000, 1747934, 873
566500, 1675828, 613
567000, 1667223, 678
567500, 1742068, 863
568000, 1667698, 629
568500, 1692968, 716
569000, 1704160, 682
569500, 1692878, 754
570000, 1666785, 568
570500, 1728190, 706
571000, 1777705, 654
571500, 1682774, 781
572000, 1751944, 861
572500, 1687980, 599
573000, 1704943, 656
573500, 1776659, 952
574000, 1681689, 628
574500, 1701155, 771
575000, 1746648, 847
575500, 1694212, 846
576000, 1858577, 797
576500, 1736981, 681
577000, 1713478, 665
577500, 2313892, 1042
578000, 1713324, 564
578500, 1712976, 611
579000, 1764812, 925
579500, 1701242, 678
580000, 1719534, 584
580500, 1741546, 717
581000, 1711539, 603
581500, 1715786, 582
582000, 1809037, 690
582500, 1729531, 614
583000, 1734459, 952
583500, 1767958, 550
584000, 1717598, 605
584500, 1788938, 881
585000, 1716520, 677
585500, 1750285, 742
586000, 1761910, 830
586500, 1733077, 693
587000, 1722970, 560
587500, 2223783, 843
588000, 1753461, 606
588500, 1779829, 662
589000, 1758509, 605
589500, 1754017, 782
590000, 1759690, 695
590500, 1787365, 658
591000, 1746436, 641
591500, 1770093, 779
592000, 1746223, 636
592500, 1753632, 541
593000, 1787145, 656
593500, 1741711, 600
594000, 1767870, 753
594500, 1830355, 951
595000, 1734422, 583
595500, 1771479, 668
596000, 1782506, 606
596500, 1742472, 507
597000, 1797131, 686
597500, 1764484, 499
598000, 2203618, 892
598500, 2080878, 1151
599000, 1834225, 823
599500, 1850850, 1101
600000, 2036586, 1133
600500, 2266906, 978
601000, 1796651, 815
601500, 1811991, 1058
602000, 1863756, 863
602500, 1831659, 935
603000, 1882767, 877
603500, 1817982, 677
604000, 1825351, 774
604500, 1836958, 900
605000, 1818709, 908
605500, 1803761, 1036
606000, 1865287, 1082
606500, 1828396, 1167
607000, 1808376, 872
607500, 1875917, 835
608000, 2341871, 1043
608500, 1895270, 1050
609000, 1860677, 651
609500, 1904466, 756
610000, 1991331, 801
610500, 1916297, 850
611000, 1973119, 859
611500, 1918254, 913
612000, 1954502, 874
612500, 1966037, 828
613000, 1948309, 948
613500, 2036222, 898
614000, 1918568, 795
614500, 2114559, 1070
615000, 1916939, 1030
615500, 1891136, 1002
616000, 1977686, 1196
616500, 1924594, 1027
617000, 1903400, 986
617500, 1899612, 2943
618000, 1891495, 677
618500, 1922509, 1070
619000, 1914240, 978
619500, 2342229, 852
620000, 1988993, 928
620500, 1904226, 1038
621000, 2015190, 1044
621500, 1912928, 839
622000, 1878237, 906
622500, 1905610, 986
623000, 1881902, 856
623500, 1904502, 789
624000, 1895099, 785
624500, 2007595, 919
625000, 1946402, 1011
625500, 1931147, 851
626000, 1905875, 879
626500, 2000716, 896
627000, 1916104, 1584
627500, 2062636, 885
628000, 2003755, 1064
628500, 1911529, 707
629000, 1954516, 1048
629500, 1917134, 751
630000, 2099300, 914
630500, 2082645, 1046
631000, 2038814, 1485
631500, 2854694, 952
632000, 1916216, 894
632500, 1971427, 851
633000, 1952523, 944
633500, 2038273, 807
634000, 1927028, 775
634500, 2286613, 1397
635000, 1953281, 708
635500, 1886165, 647
636000, 1899306, 651
636500, 1879056, 561
637000, 1870710, 594
637500, 1912200, 718
638000, 1895114, 621
638500, 1932873, 932
639000, 1882004, 614
639500, 1894441, 601
640000, 1929532, 755
640500, 1903685, 677
641000, 1890778, 659
641500, 1965780, 792
642000, 1926995, 598
642500, 1981190, 926
643000, 2224722, 831
643500, 1944180, 745
644000, 1905228, 646
644500, 1902390, 637
645000, 1933902, 667
645500, 1890793, 615
646000, 1879096, 677
646500, 1955838, 612
647000, 1902250, 544
647500, 2001529, 654
648000, 1903945, 639
648500, 1889206, 687
649000, 1941712, 886
649500, 1954205, 1056
650000, 1953655, 734
650500, 1919402, 853
651000, 2654778, 1193
651500, 2181185, 2878
652000, 1949219, 731
652500, 1954487, 705
653000, 1938673, 753
653500, 1931649, 607
654000, 2542108, 824
654500, 1939104, 702
655000, 1976804, 946
655500, 2024016, 1291
656000, 1970894, 1281
656500, 1971162, 725
657000, 1962631, 721
657500, 1973828, 612
658000, 1960822, 719
658500, 1960028, 635
659000, 1969058, 603
659500, 1938951, 871
660000, 1976686, 732
660500, 1961599, 2812
661000, 2002024, 820
661500, 1981004, 819
662000, 1955117, 591
662500, 1990033, 684
663000, 1971609, 661
663500, 1958186, 591
664000, 2345504, 929
664500, 1951208, 685
665000, 2005407, 714
665500, 1987623, 626
666000, 1995079, 708
666500, 1965843, 695
667000, 1963668, 683
667500, 2015828, 703
668000, 2001577, 779
668500, 2007626, 692
669000, 2014304, 794
669500, 1983668, 874
670000, 2032817, 729
670500, 1989928, 647
671000, 2015307, 908
671500, 2010653, 672
672000, 2018531, 891
672500, 2024984, 674
673000, 1982527, 885
673500, 2014251, 712
674000, 1999889, 824
674500, 1967744, 662
675000, 2609915, 797
675500, 1997458, 645
676000, 2003343, 705
676500, 2011632, 934
677000, 1990582, 668
677500, 2049019, 734
678000, 2019930, 603
678500, 2087886, 726
679000, 2015181, 804
679500, 2026813, 668
680000, 2125938, 604
680500, 2016020, 618
681000, 2036310, 763
681500, 2027773, 854
682000, 2052139, 872
682500, 2016519, 658
683000, 2036802, 726
683500, 2051534, 720
684000, 2006386, 804
684500, 2069776, 953
685000, 2024477, 806
685500, 2019975, 759
686000, 2806147, 743
686500, 2045742, 664
687000, 2065397, 678
687500, 2022144, 710
688000, 2107610, 694
688500, 2082657, 693
689000, 2053395, 677
689500, 2058055, 631
690000, 2016800, 815
690500, 2063491, 950
691000, 2032102, 1369
691500, 2058421, 671
692000, 2031109, 646
692500, 2046481, 890
693000, 2078799, 1099
693500, 2046497, 684
694000, 2082747, 716
694500, 2042047, 694
695000, 2054357, 655
695500, 2095471, 704
696000, 2104164, 662
696500, 2205620, 723
697000, 2615397, 731
697500, 2134805, 762
698000, 2063273, 630
698500, 2068139, 648
699000, 2077688, 1427
699500, 2044768, 667
700000, 2197759, 1182
700500, 2139527, 992
701000, 2172314, 665
701500, 2108151, 719
702000, 2344404, 1376
702500, 2432329, 1324
703000, 2914654, 1371
703500, 2798620, 1410
704000, 2365355, 1388
704500, 2900473, 1490
705000, 2677043, 1326
705500, 2326686, 1268
706000, 2206943, 1099
706500, 2257419, 1175
707000, 2140941, 1023
707500, 2476981, 1362
708000, 2130589, 1094
708500, 2089807, 756
709000, 2096596, 738
709500, 2083489, 771
710000, 2140788, 691
710500, 2106560, 710
711000, 2256495, 935
711500, 2093551, 824
712000, 2113232, 741
712500, 2086311, 611
713000, 2681318, 784
713500, 2245025, 1582
714000, 2113847, 1067
714500, 2152255, 823
715000, 2152827, 636
715500, 2195082, 638
716000, 2102848, 681
716500, 2147970, 706
717000, 2123516, 570
717500, 2099140, 733
718000, 2193866, 860
718500, 2093989, 677
719000, 2236116, 741
719500, 2123570, 628
720000, 2143169, 701
720500, 2120917, 718
721000, 2134991, 658
721500, 2195914, 1009
722000, 2585787, 855
722500, 2174651, 734
723000, 2119918, 613
723500, 2237135, 893
724000, 2146497, 651
724500, 2130149, 747
725000, 2179615, 676
725500, 2144013, 769
726000, 2196170, 1117
726500, 2172974, 648
727000, 2175682, 640
727500, 2131509, 620
728000, 2161091, 709
728500, 2166695, 716
729000, 2180813, 768
729500, 2199832, 812
730000, 2166688, 645
730500, 2191825, 721
731000, 2184935, 646
731500, 2224428, 642
732000, 2696345, 712
732500, 2222311, 810
733000, 2166283, 604
733500, 2164826, 617
734000, 2192935, 678
734500, 2164631, 602
735000, 2236058, 854
735500, 2149685, 577
736000, 2202482, 635
736500, 2150774, 632
737000, 2173460, 709
737500, 2200981, 897
738000, 2167675, 620
738500, 2230915, 664
739000, 2174089, 634
739500, 2232731, 969
740000, 2171261, 686
740500, 2260558, 875
741000, 2178185, 586
741500, 2183091, 695
742000, 2233389, 714
742500, 2166345, 600
743000, 2531536, 1020
743500, 2192699, 951
744000, 2256511, 897
744500, 2187680, 574
745000, 2302184, 1133
745500, 2184910, 592
746000, 2228946, 741
746500, 2192754, 690
747000, 2197348, 862
747500, 2305415, 683
748000, 2216082, 672
748500, 2239543, 849
749000, 2209548, 643
749500, 2256569, 712
750000, 2201401, 645
750500, 2233252, 685
751000, 2209941, 639
751500, 2228812, 731
752000, 2249512, 832
752500, 2272805, 730
753000, 2298597, 1002
753500, 2211065, 668
754000, 2987868, 777
754500, 2216339, 605
755000, 2261640, 824
755500, 2211158, 626
756000, 2274695, 692
756500, 2227261, 609
757000, 2269327, 762
757500, 2241984, 651
758000, 2213535, 700
758500, 2271820, 717
759000, 2239747, 695
759500, 2270647, 828
760000, 2222234, 623
760500, 2275069, 850
761000, 2230481, 594
761500, 2269092, 792
762000, 2245374, 868
762500, 2250152, 659
763000, 2344331, 975
763500, 2238822, 621
764000, 2284067, 914
764500, 2993815, 774
765000, 2303113, 844
765500, 2238848, 955
766000, 2369584, 728
766500, 2274291, 692
767000, 2309670, 978
767500, 2247356, 563
768000, 2297270, 710
768500, 2232382, 614
769000, 2322038, 871
769500, 2253870, 863
770000, 2291123, 795
770500, 2251980, 596
771000, 2293889, 946
771500, 2353895, 1200
772000, 2300249, 818
772500, 2323574, 892
773000, 2294693, 769
773500, 2358093, 950
774000, 2286279, 695
774500, 2549428, 1000
775000, 2292120, 664
775500, 2320624, 875
776000, 2286379, 680
776500, 2390511, 705
777000, 2285458, 706
777500, 2343102, 679
778000, 2294444, 733
778500, 2308329, 677
779000, 2305576, 689
779500, 2314961, 803
780000, 2521729, 3367
780500, 2310467, 742
781000, 2382153, 758
781500, 2286240, 636
782000, 2358600, 756
782500, 2309328, 657
783000, 2372808, 779
783500, 2309221, 758
784000, 2372536, 707
784500, 2423876, 732
785000, 2934294, 941
785500, 2313324, 720
786000, 2346506, 797
786500, 2344987, 629
787000, 2349096, 804
787500, 2321718, 926
788000, 2384905, 708
788500, 2311629, 974
789000, 2343538, 677
789500, 2314242, 766
790000, 2318693, 684
790500, 2379172, 903
791000, 2330604, 634
791500, 2380374, 759
792000, 2318465, 761
792500, 2358901, 692
793000, 2339657, 637
793500, 2376874, 730
794000, 2390523, 853
794500, 2350400, 693
795000, 2819004, 725
795500, 2389860, 651
796000, 2340178, 680
796500, 2372319, 750
797000, 2321624, 721
797500, 2374481, 770
798000, 2347401, 655
798500, 2416911, 720
799000, 2348291, 644
799500, 2373936, 710
800000, 2352383, 707
800500, 2356290, 718
801000, 2381944, 616
801500, 2359147, 688
802000, 2403587, 847
802500, 2369955, 728
803000, 2383162, 625
803500, 2364650, 741
804000, 2410837, 726
804500, 2368504, 682
805000, 2418437, 755
805500, 3006602, 658
806000, 2424048, 742
806500, 2359084, 659
807000, 2413105, 805
807500, 2384825, 652
808000, 2380200, 1130
808500, 2398187, 623
809000, 2480592, 866
809500, 2374949, 656
810000, 2426435, 725
810500, 2360278, 907
811000, 2449802, 689
811500, 2398038, 652
812000, 2466487, 752
812500, 2397021, 625
813000, 2411735, 695
813500, 2375431, 661
814000, 2409846, 654
814500, 2385439, 663
815000, 2412227, 689
815500, 2841874, 872
816000, 2441819, 800
816500, 2398992, 637
817000, 2435948, 704
817500, 2392513, 837
818000, 2427967, 706
818500, 2394862, 630
819000, 2445674, 936
819500, 2396376, 643
820000, 2431636, 710
820500, 2435386, 921
821000, 2419675, 858
821500, 2444851, 659
822000, 2416655, 695
822500, 2469213, 819
823000, 2432090, 881
823500, 2461941, 650
824000, 2409145, 2496
824500, 2467807, 659
825000, 2435300, 912
825500, 2818154, 878
826000, 2476046, 673
826500, 2452634, 632
827000, 2454573, 868
827500, 2431692, 628
828000, 2409229, 661
828500, 2500302, 661
829000, 2454987, 732
829500, 2567445, 690
830000, 2444778, 692
830500, 2518161, 664
831000, 2451351, 913
831500, 2443454, 665
832000, 2430334, 636
832500, 2486269, 744
833000, 2452236, 673
833500, 2490693, 718
834000, 2452642, 634
834500, 2515182, 737
835000, 2465419, 657
835500, 3054742, 804
836000, 2461287, 658
836500, 2528075, 905
837000, 2487939, 779
837500, 2466309, 1136
838000, 2463127, 802
838500, 2534005, 978
839000, 2507478, 1769
839500, 2505065, 642
840000, 2472793, 692
840500, 2471376, 734
841000, 2514382, 809
841500, 2466714, 661
842000, 2516509, 660
842500, 2493766, 820
843000, 2487366, 782
843500, 2472831, 597
844000, 2487105, 785
844500, 2479744, 684
845000, 2497254, 767
845500, 3107387, 703
846000, 2593671, 757
846500, 2531904, 758
847000, 2584194, 727
847500, 2497253, 1055
848000, 2620022, 813
848500, 2477904, 690
849000, 2643521, 698
849500, 2513782, 728
850000, 2537770, 697
850500, 2496576, 662
851000, 2528358, 737
851500, 2492303, 684
852000, 2523596, 956
852500, 2502812, 649
853000, 2533414, 878
853500, 2503266, 846
854000, 2559953, 722
854500, 2638471, 712
855000, 3248525, 845
855500, 2504252, 682
856000, 2592984, 738
856500, 2584794, 819
857000, 2507910, 597
857500, 2541793, 896
858000, 2529037, 720
858500, 2569378, 845
859000, 2531756, 611
859500, 2623643, 736
860000, 2517434, 863
860500, 2567283, 789
861000, 2556097, 760
861500, 2535146, 695
862000, 2542044, 1208
862500, 2536239, 779
863000, 2530900, 629
863500, 2614168, 739
864000, 2528342, 659
864500, 2568146, 791
865000, 3036224, 773
865500, 2550328, 801
866000, 2547865, 785
866500, 2588752, 694
867000, 2573749, 685
867500, 2574935, 793
868000, 2559669, 629
868500, 2573583, 980
869000, 2547847, 630
869500, 2585865, 697
870000, 2574906, 752
870500, 2602887, 751
871000, 2575207, 855
871500, 2584547, 673
872000, 2594123, 762
872500, 2541784, 864
873000, 3225856, 853
873500, 2533603, 734
874000, 2698027, 718
874500, 2572856, 716
875000, 2581125, 900
875500, 2572070, 709
876000, 2618193, 1333
876500, 2579696, 927
877000, 2606104, 793
877500, 2561449, 857
878000, 2622127, 820
878500, 2567433, 3213
879000, 2635472, 776
879500, 2572839, 787
880000, 2633129, 792
880500, 2596723, 973
881000, 2610264, 933
881500, 2615548, 1024
882000, 2599697, 741
882500, 3184863, 880
883000, 2596869, 759
883500, 2684890, 905
884000, 2593922, 766
884500, 2617057, 733
885000, 2581083, 1407
885500, 2639578, 736
886000, 2638477, 744
886500, 2641783, 761
887000, 2599529, 824
887500, 2722428, 813
888000, 2642148, 847
888500, 2621138, 816
889000, 2630321, 822
889500, 2606341, 708
890000, 3232935, 838
890500, 2603545, 813
891000, 2620106, 784
891500, 2604157, 883
892000, 2630245, 777
892500, 2610771, 689
893000, 2667238, 818
893500, 2609355, 644
894000, 2666275, 796
894500, 2614335, 714
895000, 2644299, 783
895500, 2708702, 850
896000, 2643404, 642
896500, 2665739, 866
897000, 2637629, 634
897500, 2686174, 829
898000, 2623962, 803
898500, 2784199, 953
899000, 3183786, 829
899500, 2683181, 924
900000, 2630846, 685
900500, 2676731, 773
901000, 2646814, 996
901500, 2664223, 733
902000, 2681938, 712
902500, 2641566, 1032
903000, 2693715, 988
903500, 2674795, 681
904000, 2761354, 811
904500, 2664741, 776
905000, 2690174, 755
905500, 2680805, 729
906000, 2708045, 726
906500, 3176468, 821
907000, 2673944, 745
907500, 2771564, 819
908000, 2664313, 625
908500, 2709967, 1328
909000, 2694701, 610
909500, 2756082, 886
910000, 2669792, 735
910500, 2738598, 1048
911000, 2659211, 770
911500, 2727114, 1236
912000, 2663516, 745
912500, 2713404, 1031
913000, 2685595, 687
913500, 2692196, 671
914000, 2724696, 810
914500, 3147685, 1006
915000, 2732818, 925
915500, 2746260, 924
916000, 2721972, 688
916500, 2695146, 1688
917000, 2699064, 929
917500, 2723481, 936
918000, 2740916, 703
918500, 2713936, 740
919000, 2684255, 706
919500, 2724057, 698
920000, 2680008, 644
920500, 2766883, 796
921000, 2686833, 714
921500, 2746493, 924
922000, 3099279, 846
922500, 2783300, 808
923000, 2720864, 681
923500, 2676558, 993
924000, 2754945, 754
924500, 2721832, 661
925000, 2753299, 778
925500, 2696276, 647
926000, 2765718, 881
926500, 2690500, 639
927000, 2747654, 981
927500, 2702942, 718
928000, 2781906, 726
928500, 2734448, 714
929000, 2718197, 760
929500, 2756539, 725
930000, 3336071, 716
930500, 2769972, 939
931000, 2694394, 632
931500, 2785625, 861
932000, 2750746, 729
932500, 2754245, 713
933000, 2758371, 848
933500, 2745837, 861
934000, 2763435, 818
934500, 2734510, 871
935000, 2760403, 1477
935500, 2731122, 727
936000, 2778996, 897
936500, 2749976, 765
937000, 2782750, 796
937500, 2781436, 844
938000, 2741945, 771
938500, 2776340, 802
939000, 3365442, 731
939500, 2783266, 713
940000, 2781260, 769
940500, 2731842, 713
941000, 2784803, 785
941500, 2756307, 658
942000, 2848266, 822
942500, 2789202, 646
943000, 2778925, 819
943500, 2765568, 681
944000, 2813538, 758
944500, 2779884, 665
945000, 2736411, 779
945500, 2791164, 855
946000, 2788163, 779
946500, 2859068, 977
947000, 2777447, 684
947500, 2830869, 818
948000, 2769317, 858
948500, 3248883, 865
949000, 2804092, 1044
949500, 2799705, 786
950000, 2818363, 753
950500, 2795419, 812
951000, 2822954, 802
951500, 2839919, 2207
952000, 2910591, 884
952500, 2873702, 1360
953000, 2862810, 884
953500, 2953266, 950
954000, 2827366, 1015
954500, 2890287, 840
955000, 2831991, 855
955500, 2891403, 750
956000, 3447843, 1076
956500, 2851814, 1008
957000, 2890018, 1505
957500, 2848602, 926
958000, 2923368, 960
958500, 2884120, 1057
959000, 2878638, 844
959500, 2955236, 1055
960000, 2856813, 1020
960500, 2930327, 1047
961000, 2903809, 907
961500, 2866316, 1056
962000, 2891466, 1066
962500, 2855426, 898
963000, 2930815, 893
963500, 3431866, 1001
964000, 2914584, 914
964500, 2956069, 844
965000, 2865418, 927
965500, 2942324, 1078
966000, 2880160, 807
966500, 2933203, 1021
967000, 2921349, 1007
967500, 2899647, 828
968000, 2964104, 883
968500, 2886179, 882
969000, 2932023, 902
969500, 2906177, 1038
970000, 2921908, 902
970500, 2933296, 929
971000, 3419376, 1192
971500, 2926045, 870
972000, 2919735, 1070
972500, 2922226, 858
973000, 3027636, 1007
973500, 2908038, 850
974000, 2917451, 903
974500, 2926263, 872
975000, 2965507, 865
975500, 2934435, 946
976000, 2895236, 858
976500, 2947727, 900
977000, 2898804, 871
977500, 2981478, 874
978000, 2957778, 898
978500, 3438108, 1032
979000, 2984804, 1022
979500, 2913268, 796
980000, 2955754, 999
980500, 2956967, 983
981000, 2900297, 832
981500, 2958647, 930
982000, 2903904, 956
982500, 2966744, 1168
983000, 2952257, 1082
983500, 2923935, 968
984000, 2957721, 1001
984500, 2931572, 1087
985000, 2978953, 870
985500, 2971094, 964
986000, 3554816, 1063
986500, 2978558, 929
987000, 2933778, 1239
987500, 3000932, 818
988000, 2906695, 1488
988500, 2900972, 797
989000, 3002771, 1560
989500, 2875432, 746
990000, 2942089, 1023
990500, 2873840, 694
991000, 3007779, 884
991500, 2939987, 815
992000, 2890594, 735
992500, 2937472, 889
993000, 2906877, 751
993500, 2923598, 726
994000, 2907962, 827
994500, 3401862, 906
995000, 3034748, 815
995500, 2907687, 770
996000, 2957013, 660
996500, 2951235, 969
997000, 2891702, 678
997500, 2974507, 879
998000, 2893269, 658
998500, 2939141, 802
999000, 2954961, 902
999500, 2933489, 912
1000000, 2960380, 912
